1 125.0 83.68668294200002 40.366395707796784
2 250.0 167.37336588400007 80.73279141559355
3 375.0 251.0600488260001 121.09918712339035
4 500.0 334.74673176800025 161.46558283118708
5 625.0 418.43341471000036 201.83197853898375
6 750.0 502.1200976520005 242.19837424678042
7 875.0 585.8067805940007 282.5647699545772
8 1000.0 669.4934635360008 322.93116566237404
9 1125.0 753.180146478001 363.2975613701709
10 1250.0 836.8668294200012 403.6639570779678
11 1375.0 920.5535123620014 444.03035278576465
12 1500.0 1004.2401953040015 484.3967484935615
13 1625.0 1087.9268782460008 524.7631442013583
14 1750.0 1171.6135611880002 565.1295399091545
15 1875.0 1255.3002441299996 605.4959356169506
16 2000.0 1338.986927071999 645.8623313247468
17 2125.0 1422.6736100139983 686.228727032543
18 2250.0 1506.3602929559977 726.5951227403392
19 2375.0 1590.046975897997 766.9615184481354
20 2500.0 1673.7336588399965 807.3279141559316
21 2625.0 1757.4203417819958 847.6943098637278
22 2750.0 1841.1070247239952 888.060705571524
23 2875.0 1924.7937076659946 928.4271012793201
24 3000.0 2008.480390607994 968.7934969871163
25 3125.0 2092.1670735499947 1009.1598926949125
26 3250.0 2175.8537564919952 1049.5262884027088
27 3375.0 2259.5404394339957 1089.8926841105053
28 3500.0 2343.2271223759963 1130.2590798183019
29 3625.0 2426.913805317997 1170.6254755260984
30 3750.0 2510.6004882599973 1210.991871233895
31 3875.0 2594.287171201998 1251.3582669416915
32 4000.0 2677.9738541439983 1291.724662649488
33 4125.0 2761.660537085999 1332.0910583572845
34 4250.0 2845.3472200279994 1372.457454065081
35 4375.0 2929.03390297 1412.8238497728776
36 4500.0 3012.7205859120004 1453.190245480674
37 4625.0 3096.407268854001 1493.5566411884706
38 4750.0 3180.0939517960014 1533.9230368962671
39 4875.0 3263.780634738002 1574.2894326040637
40 5000.0 3347.4673176800025 1614.6558283118602
41 5125.0 3431.154000622003 1655.0222240196567
42 5250.0 3514.8406835640035 1695.3886197274533
43 5375.0 3598.527366506004 1735.7550154352498
44 5500.0 3682.2140494480045 1776.1214111430463
45 5625.0 3765.900732390005 1816.4878068508428
46 5750.0 3849.5874153320055 1856.8542025586394
47 5875.0 3933.274098274006 1897.220598266436
48 6000.0 4016.9607812160066 1937.5869939742324
49 6125.0 4100.647464158007 1977.953389682029
50 6250.0 4184.3341471000085 2018.3197853898255
51 6375.0 4268.02083004201 2058.686181097623
52 6500.0 4351.707512984011 2099.0525768054194
53 6625.0 4435.394195926013 2139.418972513216
54 6750.0 4519.080878868014 2179.7853682210125
55 6875.0 4602.767561810016 2220.151763928809
56 7000.0 4686.454244752017 2260.5181596366056
57 7125.0 4770.1409276940185 2300.884555344402
58 7250.0 4853.82761063602 2341.2509510521986
59 7375.0 4937.514293578021 2381.617346759995
60 7500.0 5021.200976520023 2421.9837424677917
61 7625.0 5104.887659462024 2462.350138175588
62 7750.0 5188.574342404026 2502.7165338833847
63 7875.0 5272.261025346027 2543.0829295911813
64 8000.0 5355.9477082880285 2583.449325298978
65 8125.0 5439.63439123003 2623.8157210067743
66 8250.0 5523.321074172031 2664.182116714571
67 8375.0 5607.007757114033 2704.5485124223674
68 8500.0 5690.694440056034 2744.914908130164
69 8625.0 5774.381122998036 2785.2813038379604
70 8750.0 5858.067805940037 2825.647699545757
71 8875.0 5941.7544888820385 2866.0140952535535
72 9000.0 6025.44117182404 2906.38049096135
73 9125.0 6109.127854766041 2946.7468866691465
74 9250.0 6192.814537708043 2987.113282376943
75 9375.0 6276.501220650044 3027.4796780847396
76 9500.0 6360.187903592046 3067.846073792536
77 9625.0 6443.874586534047 3108.2124695003326
78 9750.0 6527.561269476048 3148.578865208129
79 9875.0 6611.24795241805 3188.9452609159257
80 10000.0 6694.934635360051 3229.3116566237222
81 10125.0 6778.621318302053 3269.6780523315188
82 10250.0 6862.308001244054 3310.0444480393153
83 10375.0 6945.994684186056 3350.410843747112
84 10500.0 7029.681367128057 3390.7772394549083
85 10625.0 7113.368050070058 3431.143635162705
86 10750.0 7197.05473301206 3471.5100308705014
87 10875.0 7280.741415954061 3511.876426578298
88 11000.0 7364.428098896063 3552.2428222860945
89 11125.0 7448.114781838064 3592.609217993891
90 11250.0 7531.8014647800655 3632.9756137016875
91 11375.0 7615.488147722067 3673.342009409484
92 11500.0 7699.174830664068 3713.7084051172806
93 11625.0 7782.86151360607 3754.074800825077
94 11750.0 7866.548196548071 3794.4411965328736
95 11875.0 7950.234879490073 3834.80759224067
96 12000.0 8033.921562432074 3875.1739879484667
97 12125.0 8117.6082453740755 3915.540383656263
98 12250.0 8201.29492831608 3955.9067793640597
99 12375.0 8284.981611258083 3996.2731750718563
100 12500.0 8368.668294200086 4036.639570779653
101 12625.0 8452.35497714209 4077.0059664874493
102 12750.0 8536.041660084093 4117.372362195245
103 12875.0 8619.728343026096 4157.738757903042
104 13000.0 8703.4150259681 4198.105153610839
105 13125.0 8787.101708910102 4238.471549318636
106 13250.0 8870.788391852106 4278.837945026433
107 13375.0 8954.475074794109 4319.20434073423
108 13500.0 9038.161757736112 4359.570736442027
109 13625.0 9121.848440678115 4399.937132149824
110 13750.0 9205.535123620119 4440.303527857621
111 13875.0 9289.221806562122 4480.669923565418
112 14000.0 9372.908489504125 4521.036319273215
113 14125.0 9456.595172446128 4561.402714981012
114 14250.0 9540.281855388132 4601.769110688809
115 14375.0 9623.968538330135 4642.135506396606
116 14500.0 9707.655221272138 4682.501902104403
117 14625.0 9791.341904214141 4722.8682978122
118 14750.0 9875.028587156145 4763.234693519997
119 14875.0 9958.715270098148 4803.601089227794
120 15000.0 10042.401953040151 4843.967484935591
121 15125.0 10126.088635982154 4884.333880643388
122 15250.0 10209.775318924158 4924.700276351185
123 15375.0 10293.46200186616 4965.066672058982
124 15500.0 10377.148684808164 5005.433067766779
125 15625.0 10460.835367750167 5045.7994634745755
126 15750.0 10544.52205069217 5086.1658591823725
127 15875.0 10628.208733634174 5126.5322548901695
128 16000.0 10711.895416576177 5166.8986505979665
129 16125.0 10795.58209951818 5207.2650463057635
130 16250.0 10879.268782460184 5247.63144201356
131 16375.0 10962.955465402187 5287.997837721357
132 16500.0 11046.64214834419 5328.364233429154
133 16625.0 11130.328831286193 5368.730629136951
134 16750.0 11214.015514228196 5409.097024844748
135 16875.0 11297.7021971702 5449.463420552545
136 17000.0 11381.388880112203 5489.829816260342
137 17125.0 11465.075563054206 5530.196211968139
138 17250.0 11548.76224599621 5570.562607675936
139 17375.0 11632.448928938213 5610.929003383733
140 17500.0 11716.135611880216 5651.29539909153
141 17625.0 11799.82229482222 5691.661794799327
142 17750.0 11883.508977764222 5732.028190507124
143 17875.0 11967.195660706226 5772.394586214921
144 18000.0 12050.882343648229 5812.760981922718
145 18125.0 12134.569026590232 5853.127377630515
146 18250.0 12218.255709532235 5893.493773338312
147 18375.0 12301.942392474239 5933.860169046109
148 18500.0 12385.629075416242 5974.226564753906
149 18625.0 12469.315758358245 6014.592960461703
150 18750.0 12553.002441300248 6054.9593561695
151 18875.0 12636.689124242252 6095.325751877297
152 19000.0 12720.375807184255 6135.692147585094
153 19125.0 12804.062490126258 6176.058543292891
154 19250.0 12887.749173068261 6216.424939000688
155 19375.0 12971.435856010265 6256.791334708485
156 19500.0 13055.122538952268 6297.157730416282
157 19625.0 13138.809221894271 6337.524126124079
158 19750.0 13222.495904836274 6377.890521831876
159 19875.0 13306.182587778278 6418.256917539673
160 20000.0 13389.86927072028 6458.62331324747
161 20125.0 13473.555953662284 6498.989708955267
162 20250.0 13557.242636604287 6539.356104663064
163 20375.0 13640.92931954629 6579.722500370861
164 20500.0 13724.616002488294 6620.088896078658
165 20625.0 13808.302685430297 6660.455291786455
166 20750.0 13891.9893683723 6700.821687494252
167 20875.0 13975.676051314304 6741.188083202049
168 21000.0 14059.362734256307 6781.554478909846
169 21125.0 14143.04941719831 6821.920874617643
170 21250.0 14226.736100140313 6862.28727032544
171 21375.0 14310.422783082317 6902.653666033237
172 21500.0 14394.10946602432 6943.020061741034
173 21625.0 14477.796148966323 6983.386457448831
174 21750.0 14561.482831908326 7023.752853156628
175 21875.0 14645.16951485033 7064.119248864425
176 22000.0 14728.856197792333 7104.485644572222
177 22125.0 14812.542880734336 7144.852040280019
178 22250.0 14896.22956367634 7185.218435987816
179 22375.0 14979.916246618342 7225.584831695613
180 22500.0 15063.602929560346 7265.95122740341
181 22625.0 15147.289612502349 7306.317623111207
182 22750.0 15230.976295444352 7346.6840188190035
183 22875.0 15314.662978386355 7387.0504145268005
184 23000.0 15398.349661328359 7427.4168102345975
185 23125.0 15482.036344270362 7467.7832059423945
186 23250.0 15565.723027212365 7508.1496016501915
187 23375.0 15649.409710154368 7548.515997357988
188 23500.0 15733.096393096372 7588.882393065785
189 23625.0 15816.783076038375 7629.248788773582
190 23750.0 15900.469758980378 7669.615184481379
191 23875.0 15984.156441922381 7709.981580189176
192 24000.0 16067.843124864385 7750.347975896973
193 24125.0 16151.529807806388 7790.71437160477
194 24250.0 16235.216490748391 7831.080767312567
195 24375.0 16318.903173690394 7871.447163020364
196 24500.0 16402.589856632396 7911.813558728161
197 24625.0 16486.276539574377 7952.179954435958
198 24750.0 16569.96322251636 7992.546350143755
199 24875.0 16653.64990545834 8032.912745851552
200 25000.0 16737.33658840032 8073.279141559349
201 25125.0 16821.023271342303 8113.645537267146
202 25250.0 16904.709954284284 8154.011932974943
203 25375.0 16988.396637226266 8194.378328682738
204 25500.0 17072.083320168247 8234.744724390535
205 25625.0 17155.77000311023 8275.111120098332
206 25750.0 17239.45668605221 8315.47751580613
207 25875.0 17323.14336899419 8355.843911513926
208 26000.0 17406.830051936173 8396.210307221723
209 26125.0 17490.516734878154 8436.57670292952
210 26250.0 17574.203417820136 8476.943098637317
211 26375.0 17657.890100762117 8517.309494345114
212 26500.0 17741.5767837041 8557.675890052911
213 26625.0 17825.26346664608 8598.042285760708
214 26750.0 17908.95014958806 8638.408681468505
215 26875.0 17992.636832530043 8678.775077176302
216 27000.0 18076.323515472024 8719.1414728841
217 27125.0 18160.010198414006 8759.507868591896
218 27250.0 18243.696881355987 8799.874264299693
219 27375.0 18327.38356429797 8840.24066000749
220 27500.0 18411.07024723995 8880.607055715287
221 27625.0 18494.75693018193 8920.973451423084
222 27750.0 18578.443613123913 8961.339847130881
223 27875.0 18662.130296065894 9001.706242838678
224 28000.0 18745.816979007875 9042.072638546475
225 28125.0 18829.503661949857 9082.439034254272
226 28250.0 18913.19034489184 9122.805429962069
227 28375.0 18996.87702783382 9163.171825669866
228 28500.0 19080.5637107758 9203.538221377663
229 28625.0 19164.250393717783 9243.90461708546
230 28750.0 19247.937076659764 9284.271012793257
231 28875.0 19331.623759601745 9324.637408501054
232 29000.0 19415.310442543727 9365.00380420885
233 29125.0 19498.99712548571 9405.370199916648
234 29250.0 19582.68380842769 9445.736595624445
235 29375.0 19666.37049136967 9486.102991332242
236 29500.0 19750.057174311652 9526.469387040039
237 29625.0 19833.743857253634 9566.835782747836
238 29750.0 19917.430540195615 9607.202178455633
239 29875.0 20001.117223137597 9647.56857416343
240 30000.0 20084.803906079578 9687.934969871227
241 30125.0 20168.49058902156 9728.301365579024
242 30250.0 20252.17727196354 9768.66776128682
243 30375.0 20335.863954905522 9809.034156994618
244 30500.0 20419.550637847504 9849.400552702415
245 30625.0 20503.237320789485 9889.766948410212
246 30750.0 20586.924003731467 9930.133344118009
247 30875.0 20670.610686673448 9970.499739825806
248 31000.0 20754.29736961543 10010.866135533603
249 31125.0 20837.98405255741 10051.2325312414
250 31250.0 20921.670735499392 10091.598926949197
251 31375.0 21005.357418441374 10131.965322656994
252 31500.0 21089.044101383355 10172.33171836479
253 31625.0 21172.730784325337 10212.698114072587
254 31750.0 21256.417467267318 10253.064509780384
255 31875.0 21340.1041502093 10293.430905488181
256 32000.0 21423.79083315128 10333.797301195978
257 32125.0 21507.477516093262 10374.163696903775
258 32250.0 21591.164199035244 10414.530092611572
259 32375.0 21674.850881977225 10454.89648831937
260 32500.0 21758.537564919206 10495.262884027166
261 32625.0 21842.224247861188 10535.629279734963
262 32750.0 21925.91093080317 10575.99567544276
263 32875.0 22009.59761374515 10616.362071150557
264 33000.0 22093.284296687132 10656.728466858354
265 33125.0 22176.970979629114 10697.094862566151
266 33250.0 22260.657662571095 10737.461258273948
267 33375.0 22344.344345513076 10777.827653981745
268 33500.0 22428.031028455058 10818.194049689542
269 33625.0 22511.71771139704 10858.56044539734
270 33750.0 22595.40439433902 10898.926841105136
271 33875.0 22679.091077281002 10939.293236812933
272 34000.0 22762.777760222983 10979.65963252073
273 34125.0 22846.464443164965 11020.026028228527
274 34250.0 22930.151126106946 11060.392423936324
275 34375.0 23013.837809048928 11100.758819644121
276 34500.0 23097.52449199091 11141.125215351918
277 34625.0 23181.21117493289 11181.491611059715
278 34750.0 23264.897857874872 11221.858006767512
279 34875.0 23348.584540816853 11262.224402475309
280 35000.0 23432.271223758835 11302.590798183106
281 35125.0 23515.957906700816 11342.957193890903
282 35250.0 23599.644589642798 11383.3235895987
283 35375.0 23683.33127258478 11423.689985306497
284 35500.0 23767.01795552676 11464.056381014294
285 35625.0 23850.704638468742 11504.422776722091
286 35750.0 23934.391321410723 11544.789172429888
287 35875.0 24018.078004352705 11585.155568137685
288 36000.0 24101.764687294686 11625.521963845482
289 36125.0 24185.451370236668 11665.888359553279
290 36250.0 24269.13805317865 11706.254755261076
291 36375.0 24352.82473612063 11746.621150968873
292 36500.0 24436.511419062612 11786.98754667667
293 36625.0 24520.198102004593 11827.353942384467
294 36750.0 24603.884784946575 11867.720338092264
295 36875.0 24687.571467888556 11908.08673380006
296 37000.0 24771.258150830537 11948.453129507858
297 37125.0 24854.94483377252 11988.819525215655
298 37250.0 24938.6315167145 12029.185920923452
299 37375.0 25022.31819965648 12069.552316631249
300 37500.0 25106.004882598463 12109.918712339046
301 37625.0 25189.691565540445 12150.285108046843
302 37750.0 25273.378248482426 12190.65150375464
303 37875.0 25357.064931424407 12231.017899462437
304 38000.0 25440.75161436639 12271.384295170234
305 38125.0 25524.43829730837 12311.75069087803
306 38250.0 25608.12498025035 12352.117086585828
307 38375.0 25691.811663192333 12392.483482293625
308 38500.0 25775.498346134314 12432.849878001422
309 38625.0 25859.185029076296 12473.216273709219
310 38750.0 25942.871712018277 12513.582669417015
311 38875.0 26026.55839496026 12553.949065124812
312 39000.0 26110.24507790224 12594.31546083261
313 39125.0 26193.93176084422 12634.681856540406
314 39250.0 26277.618443786203 12675.048252248203
315 39375.0 26361.305126728184 12715.414647956
316 39500.0 26444.991809670166 12755.781043663797
317 39625.0 26528.678492612147 12796.147439371594
318 39750.0 26612.36517555413 12836.513835079391
319 39875.0 26696.05185849611 12876.880230787188
320 40000.0 26779.73854143809 12917.246626494985
321 40125.0 26863.425224380073 12957.613022202782
322 40250.0 26947.111907322054 12997.97941791058
323 40375.0 27030.798590264036 13038.345813618376
324 40500.0 27114.485273206017 13078.712209326173
325 40625.0 27198.171956148 13119.07860503397
326 40750.0 27281.85863908998 13159.445000741767
327 40875.0 27365.54532203196 13199.811396449564
328 41000.0 27449.232004973943 13240.177792157361
329 41125.0 27532.918687915924 13280.544187865158
330 41250.0 27616.605370857906 13320.910583572955
331 41375.0 27700.292053799887 13361.276979280752
332 41500.0 27783.97873674187 13401.64337498855
333 41625.0 27867.66541968385 13442.009770696346
334 41750.0 27951.35210262583 13482.376166404143
335 41875.0 28035.038785567813 13522.74256211194
336 42000.0 28118.725468509794 13563.108957819737
337 42125.0 28202.412151451776 13603.475353527534
338 42250.0 28286.098834393757 13643.841749235331
339 42375.0 28369.78551733574 13684.208144943128
340 42500.0 28453.47220027772 13724.574540650925
341 42625.0 28537.1588832197 13764.940936358722
342 42750.0 28620.845566161683 13805.307332066519
343 42875.0 28704.532249103664 13845.673727774316
344 43000.0 28788.218932045645 13886.040123482113
345 43125.0 28871.905614987627 13926.40651918991
346 43250.0 28955.59229792961 13966.772914897707
347 43375.0 29039.27898087159 14007.139310605504
348 43500.0 29122.96566381357 14047.5057063133
349 43625.0 29206.652346755553 14087.872102021098
350 43750.0 29290.339029697534 14128.238497728895
351 43875.0 29374.025712639515 14168.604893436692
352 44000.0 29457.712395581497 14208.971289144489
353 44125.0 29541.39907852348 14249.337684852286
354 44250.0 29625.08576146546 14289.704080560083
355 44375.0 29708.77244440744 14330.07047626788
356 44500.0 29792.459127349422 14370.436871975677
357 44625.0 29876.145810291404 14410.803267683474
358 44750.0 29959.832493233385 14451.16966339127
359 44875.0 30043.519176175367 14491.536059099068
360 45000.0 30127.205859117348 14531.902454806865
361 45125.0 30210.89254205933 14572.268850514662
362 45250.0 30294.57922500131 14612.635246222459
363 45375.0 30378.265907943292 14653.001641930256
364 45500.0 30461.952590885274 14693.368037638053
365 45625.0 30545.639273827255 14733.73443334585
366 45750.0 30629.325956769237 14774.100829053647
367 45875.0 30713.012639711218 14814.467224761444
368 46000.0 30796.6993226532 14854.83362046924
369 46125.0 30880.38600559518 14895.200016177037
370 46250.0 30964.072688537162 14935.566411884834
371 46375.0 31047.759371479144 14975.932807592631
372 46500.0 31131.446054421125 15016.299203300428
373 46625.0 31215.132737363107 15056.665599008225
374 46750.0 31298.819420305088 15097.031994716022
375 46875.0 31382.50610324707 15137.39839042382
376 47000.0 31466.19278618905 15177.764786131616
377 47125.0 31549.879469131032 15218.131181839413
378 47250.0 31633.566152073014 15258.49757754721
379 47375.0 31717.252835014995 15298.863973255007
380 47500.0 31800.939517956976 15339.230368962804
381 47625.0 31884.626200898958 15379.596764670601
382 47750.0 31968.31288384094 15419.963160378398
383 47875.0 32051.99956678292 15460.329556086195
384 48000.0 32135.686249724902 15500.695951793992
385 48125.0 32219.372932666884 15541.06234750179
386 48250.0 32303.059615608865 15581.428743209586
387 48375.0 32386.746298550846 15621.795138917383
388 48500.0 32470.432981492828 15662.16153462518
389 48625.0 32554.11966443481 15702.527930332977
390 48750.0 32637.80634737679 15742.894326040774
391 48875.0 32721.493030318772 15783.260721748571
392 49000.0 32805.17971326076 15823.627117456368
393 49125.0 32888.866396202735 15863.993513164165
394 49250.0 32972.55307914471 15904.359908871962
395 49375.0 33056.23976208668 15944.726304579759
396 49500.0 33139.92644502866 15985.092700287556
397 49625.0 33223.61312797063 16025.459095995353
398 49750.0 33307.299810912606 16065.82549170315
399 49875.0 33390.98649385458 16106.191887410947
400 50000.0 33474.673176796554 16146.558283118744
401 50125.0 33558.35985973853 16186.924678826541
402 50250.0 33642.0465426805 16227.291074534338
403 50375.0 33725.733225622476 16267.657470242135
404 50500.0 33809.41990856445 16308.023865949932
405 50625.0 33893.106591506425 16348.390261657729
406 50750.0 33976.7932744484 16388.756657365535
407 50875.0 34060.47995739037 16429.123053073363
408 51000.0 34144.16664033235 16469.48944878119
409 51125.0 34227.85332327432 16509.85584448902
410 51250.0 34311.540006216295 16550.222240196847
411 51375.0 34395.22668915827 16590.588635904674
412 51500.0 34478.91337210024 16630.955031612502
413 51625.0 34562.60005504222 16671.32142732033
414 51750.0 34646.28673798419 16711.687823028158
415 51875.0 34729.973420926166 16752.054218735986
416 52000.0 34813.66010386814 16792.420614443814
417 52125.0 34897.346786810114 16832.787010151642
418 52250.0 34981.03346975209 16873.15340585947
419 52375.0 35064.72015269406 16913.519801567298
420 52500.0 35148.40683563604 16953.886197275126
421 52625.0 35232.09351857801 16994.252592982954
422 52750.0 35315.780201519985 17034.61898869078
423 52875.0 35399.46688446196 17074.98538439861
424 53000.0 35483.15356740393 17115.351780106437
425 53125.0 35566.84025034591 17155.718175814265
426 53250.0 35650.52693328788 17196.084571522093
427 53375.0 35734.213616229856 17236.45096722992
428 53500.0 35817.90029917183 17276.81736293775
429 53625.0 35901.586982113804 17317.183758645577
430 53750.0 35985.27366505578 17357.550154353405
431 53875.0 36068.96034799775 17397.916550061233
432 54000.0 36152.64703093973 17438.28294576906
433 54125.0 36236.3337138817 17478.64934147689
434 54250.0 36320.020396823675 17519.015737184716
435 54375.0 36403.70707976565 17559.382132892544
436 54500.0 36487.39376270762 17599.748528600372
437 54625.0 36571.0804456496 17640.1149243082
438 54750.0 36654.76712859157 17680.481320016028
439 54875.0 36738.453811533545 17720.847715723856
440 55000.0 36822.14049447552 17761.214111431684
441 55125.0 36905.827177417494 17801.58050713951
442 55250.0 36989.51386035947 17841.94690284734
443 55375.0 37073.20054330144 17882.313298555167
444 55500.0 37156.887226243416 17922.679694262995
445 55625.0 37240.57390918539 17963.046089970823
446 55750.0 37324.260592127364 18003.41248567865
447 55875.0 37407.94727506934 18043.77888138648
448 56000.0 37491.63395801131 18084.145277094307
449 56125.0 37575.32064095329 18124.511672802135
450 56250.0 37659.00732389526 18164.878068509963
451 56375.0 37742.694006837235 18205.24446421779
452 56500.0 37826.38068977921 18245.61085992562
453 56625.0 37910.06737272118 18285.977255633446
454 56750.0 37993.75405566316 18326.343651341274
455 56875.0 38077.44073860513 18366.710047049102
456 57000.0 38161.127421547106 18407.07644275693
457 57125.0 38244.81410448908 18447.442838464758
458 57250.0 38328.500787431054 18487.809234172586
459 57375.0 38412.18747037303 18528.175629880414
460 57500.0 38495.874153315 18568.54202558824
461 57625.0 38579.56083625698 18608.90842129607
462 57750.0 38663.24751919895 18649.274817003898
463 57875.0 38746.934202140925 18689.641212711726
464 58000.0 38830.6208850829 18730.007608419553
465 58125.0 38914.30756802487 18770.37400412738
466 58250.0 38997.99425096685 18810.74039983521
467 58375.0 39081.68093390882 18851.106795543037
468 58500.0 39165.367616850795 18891.473191250865
469 58625.0 39249.05429979277 18931.839586958693
470 58750.0 39332.740982734744 18972.20598266652
471 58875.0 39416.42766567672 19012.57237837435
472 59000.0 39500.11434861869 19052.938774082177
473 59125.0 39583.801031560666 19093.305169790005
474 59250.0 39667.48771450264 19133.671565497832
475 59375.0 39751.174397444614 19174.03796120566
476 59500.0 39834.86108038659 19214.40435691349
477 59625.0 39918.54776332856 19254.770752621316
478 59750.0 40002.23444627054 19295.137148329144
479 59875.0 40085.92112921251 19335.503544036972
480 60000.0 40169.607812154485 19375.8699397448
481 60125.0 40253.29449509646 19416.236335452628
482 60250.0 40336.98117803843 19456.602731160456
483 60375.0 40420.66786098041 19496.969126868284
484 60500.0 40504.35454392238 19537.33552257611
485 60625.0 40588.041226864356 19577.70191828394
486 60750.0 40671.72790980633 19618.068313991767
487 60875.0 40755.414592748304 19658.434709699595
488 61000.0 40839.10127569028 19698.801105407423
489 61125.0 40922.78795863225 19739.16750111525
490 61250.0 41006.47464157423 19779.53389682308
491 61375.0 41090.1613245162 19819.900292530907
492 61500.0 41173.848007458175 19860.266688238735
493 61625.0 41257.53469040015 19900.633083946563
494 61750.0 41341.22137334212 19940.99947965439
495 61875.0 41424.9080562841 19981.36587536222
496 62000.0 41508.59473922607 20021.732271070046
497 62125.0 41592.281422168046 20062.098666777874
498 62250.0 41675.96810511002 20102.465062485702
499 62375.0 41759.654788051994 20142.83145819353
500 62500.0 41843.34147099397 20183.197853901358
501 62625.0 41927.02815393594 20223.564249609186
502 62750.0 42010.714836877916 20263.930645317014
503 62875.0 42094.40151981989 20304.29704102484
504 63000.0 42178.088202761865 20344.66343673267
505 63125.0 42261.77488570384 20385.029832440498
506 63250.0 42345.46156864581 20425.396228148325
507 63375.0 42429.14825158779 20465.762623856153
508 63500.0 42512.83493452976 20506.12901956398
509 63625.0 42596.521617471735 20546.49541527181
510 63750.0 42680.20830041371 20586.861810979637
511 63875.0 42763.89498335568 20627.228206687465
512 64000.0 42847.58166629766 20667.594602395293
513 64125.0 42931.26834923963 20707.96099810312
514 64250.0 43014.955032181606 20748.32739381095
515 64375.0 43098.64171512358 20788.693789518777
516 64500.0 43182.328398065554 20829.060185226605
517 64625.0 43266.01508100753 20869.426580934432
518 64750.0 43349.7017639495 20909.79297664226
519 64875.0 43433.38844689148 20950.15937235009
520 65000.0 43517.07512983345 20990.525768057916
521 65125.0 43600.761812775425 21030.892163765744
522 65250.0 43684.4484957174 21071.258559473572
523 65375.0 43768.13517865937 21111.6249551814
524 65500.0 43851.82186160135 21151.991350889228
525 65625.0 43935.50854454332 21192.357746597056
526 65750.0 44019.195227485296 21232.724142304884
527 65875.0 44102.88191042727 21273.09053801271
528 66000.0 44186.568593369244 21313.45693372054
529 66125.0 44270.25527631122 21353.823329428367
530 66250.0 44353.94195925319 21394.189725136195
531 66375.0 44437.628642195166 21434.556120844023
532 66500.0 44521.31532513714 21474.92251655185
533 66625.0 44605.002008079115 21515.28891225968
534 66750.0 44688.68869102109 21555.655307967507
535 66875.0 44772.37537396306 21596.021703675335
536 67000.0 44856.06205690504 21636.388099383163
537 67125.0 44939.74873984701 21676.75449509099
538 67250.0 45023.435422788985 21717.12089079882
539 67375.0 45107.12210573096 21757.487286506646
540 67500.0 45190.80878867293 21797.853682214474
541 67625.0 45274.49547161491 21838.220077922302
542 67750.0 45358.18215455688 21878.58647363013
543 67875.0 45441.868837498856 21918.952869337958
544 68000.0 45525.55552044083 21959.319265045786
545 68125.0 45609.242203382804 21999.685660753614
546 68250.0 45692.92888632478 22040.05205646144
547 68375.0 45776.61556926675 22080.41845216927
548 68500.0 45860.30225220873 22120.784847877097
549 68625.0 45943.9889351507 22161.151243584925
550 68750.0 46027.675618092675 22201.517639292753
551 68875.0 46111.36230103465 22241.88403500058
552 69000.0 46195.04898397662 22282.25043070841
553 69125.0 46278.7356669186 22322.616826416237
554 69250.0 46362.42234986057 22362.983222124065
555 69375.0 46446.109032802546 22403.349617831893
556 69500.0 46529.79571574452 22443.71601353972
557 69625.0 46613.482398686494 22484.08240924755
558 69750.0 46697.16908162847 22524.448804955377
559 69875.0 46780.85576457044 22564.815200663204
560 70000.0 46864.54244751242 22605.181596371032
561 70125.0 46948.22913045439 22645.54799207886
562 70250.0 47031.915813396365 22685.914387786688
563 70375.0 47115.60249633834 22726.280783494516
564 70500.0 47199.28917928031 22766.647179202344
565 70625.0 47282.97586222229 22807.013574910172
566 70750.0 47366.66254516426 22847.379970618
567 70875.0 47450.349228106235 22887.746366325828
568 71000.0 47534.03591104821 22928.112762033656
569 71125.0 47617.722593990184 22968.479157741484
570 71250.0 47701.40927693216 23008.84555344931
571 71375.0 47785.09595987413 23049.21194915714
572 71500.0 47868.782642816106 23089.578344864967
573 71625.0 47952.46932575808 23129.944740572795
574 71750.0 48036.156008700054 23170.311136280623
575 71875.0 48119.84269164203 23210.67753198845
576 72000.0 48203.529374584 23251.04392769628
577 72125.0 48287.21605752598 23291.410323404107
578 72250.0 48370.90274046795 23331.776719111935
579 72375.0 48454.589423409925 23372.143114819763
580 72500.0 48538.2761063519 23412.50951052759
581 72625.0 48621.96278929387 23452.87590623542
582 72750.0 48705.64947223585 23493.242301943246
583 72875.0 48789.33615517782 23533.608697651074
584 73000.0 48873.022838119796 23573.975093358902
585 73125.0 48956.70952106177 23614.34148906673
586 73250.0 49040.396204003744 23654.707884774558
587 73375.0 49124.08288694572 23695.074280482386
588 73500.0 49207.76956988769 23735.440676190214
589 73625.0 49291.45625282967 23775.80707189804
590 73750.0 49375.14293577164 23816.17346760587
591 73875.0 49458.829618713615 23856.539863313697
592 74000.0 49542.51630165559 23896.906259021525
593 74125.0 49626.20298459756 23937.272654729353
594 74250.0 49709.88966753954 23977.63905043718
595 74375.0 49793.57635048151 24018.00544614501
596 74500.0 49877.263033423485 24058.371841852837
597 74625.0 49960.94971636546 24098.738237560665
598 74750.0 50044.636399307434 24139.104633268493
599 74875.0 50128.32308224941 24179.47102897632
600 75000.0 50212.00976519138 24219.83742468415
601 75125.0 50295.696448133356 24260.203820391976
602 75250.0 50379.38313107533 24300.570216099804
603 75375.0 50463.069814017304 24340.936611807632
604 75500.0 50546.75649695928 24381.30300751546
605 75625.0 50630.44317990125 24421.669403223288
606 75750.0 50714.12986284323 24462.035798931116
607 75875.0 50797.8165457852 24502.402194638944
608 76000.0 50881.503228727175 24542.76859034677
609 76125.0 50965.18991166915 24583.1349860546
610 76250.0 51048.87659461112 24623.501381762428
611 76375.0 51132.5632775531 24663.867777470256
612 76500.0 51216.24996049507 24704.234173178083
613 76625.0 51299.936643437046 24744.60056888591
614 76750.0 51383.62332637902 24784.96696459374
615 76875.0 51467.310009320994 24825.333360301567
616 77000.0 51550.99669226297 24865.699756009395
617 77125.0 51634.68337520494 24906.066151717223
618 77250.0 51718.37005814692 24946.43254742505
619 77375.0 51802.05674108889 24986.79894313288
620 77500.0 51885.743424030865 25027.165338840707
621 77625.0 51969.43010697284 25067.531734548535
622 77750.0 52053.11678991481 25107.898130256362
623 77875.0 52136.80347285679 25148.26452596419
624 78000.0 52220.49015579876 25188.63092167202
625 78125.0 52304.176838740736 25228.997317379846
626 78250.0 52387.86352168271 25269.363713087674
627 78375.0 52471.550204624684 25309.730108795502
628 78500.0 52555.23688756666 25350.09650450333
629 78625.0 52638.92357050863 25390.462900211158
630 78750.0 52722.610253450606 25430.829295918986
631 78875.0 52806.29693639258 25471.195691626814
632 79000.0 52889.983619334555 25511.56208733464
633 79125.0 52973.67030227653 25551.92848304247
634 79250.0 53057.3569852185 25592.294878750297
635 79375.0 53141.04366816048 25632.661274458125
636 79500.0 53224.73035110245 25673.027670165953
637 79625.0 53308.417034044425 25713.39406587378
638 79750.0 53392.1037169864 25753.76046158161
639 79875.0 53475.79039992837 25794.126857289437
640 80000.0 53559.47708287035 25834.493252997265
641 80125.0 53643.16376581232 25874.859648705093
642 80250.0 53726.850448754296 25915.22604441292
643 80375.0 53810.53713169627 25955.59244012075
644 80500.0 53894.223814638244 25995.958835828576
645 80625.0 53977.91049758022 26036.325231536404
646 80750.0 54061.59718052219 26076.691627244232
647 80875.0 54145.28386346417 26117.05802295206
648 81000.0 54228.97054640614 26157.424418659888
649 81125.0 54312.657229348115 26197.790814367716
650 81250.0 54396.34391229009 26238.157210075544
651 81375.0 54480.03059523206 26278.52360578337
652 81500.0 54563.71727817404 26318.8900014912
653 81625.0 54647.40396111601 26359.256397199028
654 81750.0 54731.090644057986 26399.622792906855
655 81875.0 54814.77732699996 26439.989188614683
656 82000.0 54898.464009941934 26480.35558432251
657 82125.0 54982.15069288391 26520.72198003034
658 82250.0 55065.83737582588 26561.088375738167
659 82375.0 55149.524058767856 26601.454771445995
660 82500.0 55233.21074170983 26641.821167153823
661 82625.0 55316.897424651805 26682.18756286165
662 82750.0 55400.58410759378 26722.55395856948
663 82875.0 55484.27079053575 26762.920354277307
664 83000.0 55567.95747347773 26803.286749985135
665 83125.0 55651.6441564197 26843.653145692962
666 83250.0 55735.330839361675 26884.01954140079
667 83375.0 55819.01752230365 26924.38593710862
668 83500.0 55902.70420524562 26964.752332816446
669 83625.0 55986.3908881876 27005.118728524274
670 83750.0 56070.07757112957 27045.485124232102
671 83875.0 56153.764254071546 27085.85151993993
672 84000.0 56237.45093701352 27126.217915647758
673 84125.0 56321.137619955494 27166.584311355586
674 84250.0 56404.82430289747 27206.950707063414
675 84375.0 56488.51098583944 27247.31710277124
676 84500.0 56572.19766878142 27287.68349847907
677 84625.0 56655.88435172339 27328.049894186897
678 84750.0 56739.571034665365 27368.416289894725
679 84875.0 56823.25771760734 27408.782685602553
680 85000.0 56906.94440054931 27449.14908131038
681 85125.0 56990.63108349129 27489.51547701821
682 85250.0 57074.31776643326 27529.881872726037
683 85375.0 57158.004449375236 27570.248268433865
684 85500.0 57241.69113231721 27610.614664141693
685 85625.0 57325.377815259184 27650.98105984952
686 85750.0 57409.06449820116 27691.34745555735
687 85875.0 57492.75118114313 27731.713851265176
688 86000.0 57576.43786408511 27772.080246973004
689 86125.0 57660.12454702708 27812.446642680832
690 86250.0 57743.811229969055 27852.81303838866
691 86375.0 57827.49791291103 27893.179434096488
692 86500.0 57911.184595853 27933.545829804316
693 86625.0 57994.87127879498 27973.912225512144
694 86750.0 58078.55796173695 28014.27862121997
695 86875.0 58162.244644678925 28054.6450169278
696 87000.0 58245.9313276209 28095.011412635627
697 87125.0 58329.618010562874 28135.377808343455
698 87250.0 58413.30469350485 28175.744204051283
699 87375.0 58496.99137644682 28216.11059975911
700 87500.0 58580.678059388796 28256.47699546694
701 87625.0 58664.36474233077 28296.843391174767
702 87750.0 58748.051425272744 28337.209786882595
703 87875.0 58831.73810821472 28377.576182590423
704 88000.0 58915.42479115669 28417.94257829825
705 88125.0 58999.11147409867 28458.30897400608
706 88250.0 59082.79815704064 28498.675369713907
707 88375.0 59166.484839982615 28539.041765421734
708 88500.0 59250.17152292459 28579.408161129562
709 88625.0 59333.85820586656 28619.77455683739
710 88750.0 59417.54488880854 28660.140952545218
711 88875.0 59501.23157175051 28700.507348253046
712 89000.0 59584.918254692486 28740.873743960874
713 89125.0 59668.60493763446 28781.240139668702
714 89250.0 59752.291620576434 28821.60653537653
715 89375.0 59835.97830351841 28861.972931084358
716 89500.0 59919.66498646038 28902.339326792186
717 89625.0 60003.35166940236 28942.705722500014
718 89750.0 60087.03835234433 28983.07211820784
719 89875.0 60170.725035286305 29023.43851391567
720 90000.0 60254.41171822828 29063.804909623497
721 90125.0 60338.09840117025 29104.171305331325
722 90250.0 60421.78508411223 29144.537701039153
723 90375.0 60505.4717670542 29184.90409674698
724 90500.0 60589.158449996175 29225.27049245481
725 90625.0 60672.84513293815 29265.636888162637
726 90750.0 60756.531815880124 29306.003283870465
727 90875.0 60840.2184988221 29346.369679578293
728 91000.0 60923.90518176407 29386.73607528612
729 91125.0 61007.591864706046 29427.10247099395
730 91250.0 61091.27854764802 29467.468866701776
731 91375.0 61174.965230589994 29507.835262409604
732 91500.0 61258.65191353197 29548.201658117432
733 91625.0 61342.33859647394 29588.56805382526
734 91750.0 61426.02527941592 29628.934449533088
735 91875.0 61509.71196235789 29669.300845240916
736 92000.0 61593.398645299865 29709.667240948744
737 92125.0 61677.08532824184 29750.03363665657
738 92250.0 61760.77201118381 29790.4000323644
739 92375.0 61844.45869412579 29830.766428072227
740 92500.0 61928.14537706776 29871.132823780055
741 92625.0 62011.832060009736 29911.499219487883
742 92750.0 62095.51874295171 29951.86561519571
743 92875.0 62179.205425893684 29992.23201090354
744 93000.0 62262.89210883566 30032.598406611367
745 93125.0 62346.57879177763 30072.964802319195
746 93250.0 62430.26547471961 30113.331198027023
747 93375.0 62513.95215766158 30153.69759373485
748 93500.0 62597.638840603555 30194.06398944268
749 93625.0 62681.32552354553 30234.430385150506
750 93750.0 62765.0122064875 30274.796780858334
751 93875.0 62848.69888942948 30315.163176566162
752 94000.0 62932.38557237145 30355.52957227399
753 94125.0 63016.072255313426 30395.895967981818
754 94250.0 63099.7589382554 30436.262363689646
755 94375.0 63183.445621197374 30476.628759397474
756 94500.0 63267.13230413935 30516.995155105302
757 94625.0 63350.81898708132 30557.36155081313
758 94750.0 63434.505670023296 30597.727946520958
759 94875.0 63518.19235296527 30638.094342228786
760 95000.0 63601.879035907245 30678.460737936613
761 95125.0 63685.56571884922 30718.82713364444
762 95250.0 63769.25240179119 30759.19352935227
763 95375.0 63852.93908473317 30799.559925060097
764 95500.0 63936.62576767514 30839.926320767925
765 95625.0 64020.312450617115 30880.292716475753
766 95750.0 64103.99913355909 30920.65911218358
767 95875.0 64187.68581650106 30961.02550789141
768 96000.0 64271.37249944304 31001.391903599237
769 96125.0 64355.05918238501 31041.758299307065
770 96250.0 64438.745865326986 31082.124695014892
771 96375.0 64522.43254826896 31122.49109072272
772 96500.0 64606.119231210934 31162.85748643055
773 96625.0 64689.80591415291 31203.223882138376
774 96750.0 64773.49259709488 31243.590277846204
775 96875.0 64857.17928003686 31283.956673554032
776 97000.0 64940.86596297883 31324.32306926186
777 97125.0 65024.552645920805 31364.689464969688
778 97250.0 65108.23932886278 31405.055860677516
779 97375.0 65191.92601180475 31445.422256385344
780 97500.0 65275.61269474673 31485.78865209317
781 97625.0 65359.2993776887 31526.155047801
782 97750.0 65442.986060630676 31566.521443508827
783 97875.0 65526.67274357265 31606.887839216655
784 98000.0 65610.3594265147 31647.254234924483
785 98125.0 65694.04610945674 31687.62063063231
786 98250.0 65777.73279239879 31727.98702634014
787 98375.0 65861.41947534084 31768.353422047967
788 98500.0 65945.10615828288 31808.719817755795
789 98625.0 66028.79284122493 31849.086213463623
790 98750.0 66112.47952416698 31889.45260917145
791 98875.0 66196.16620710902 31929.81900487928
792 99000.0 66279.85289005107 31970.185400587106
793 99125.0 66363.53957299312 32010.551796294934
794 99250.0 66447.22625593517 32050.918192002762
795 99375.0 66530.91293887721 32091.28458771059
796 99500.0 66614.59962181926 32131.650983418418
797 99625.0 66698.2863047613 32172.017379126246
798 99750.0 66781.97298770335 32212.383774834074
799 99875.0 66865.6596706454 32252.7501705419
800 100000.0 66949.34635358745 32293.11656624973
801 100125.0 67033.0330365295 32333.482961957558
802 100250.0 67116.71971947154 32373.849357665385
803 100375.0 67200.40640241359 32414.215753373213
804 100500.0 67284.09308535563 32454.58214908104
805 100625.0 67367.77976829768 32494.94854478887
806 100750.0 67451.46645123973 32535.314940496697
807 100875.0 67535.15313418178 32575.681336204525
808 101000.0 67618.83981712382 32616.047731912353
809 101125.0 67702.52650006587 32656.41412762018
810 101250.0 67786.21318300792 32696.78052332801
811 101375.0 67869.89986594996 32737.146919035837
812 101500.0 67953.58654889201 32777.513314743635
813 101625.0 68037.27323183406 32817.8797104514
814 101750.0 68120.9599147761 32858.24610615917
815 101875.0 68204.64659771815 32898.61250186693
816 102000.0 68288.3332806602 32938.9788975747
817 102125.0 68372.01996360224 32979.345293282466
818 102250.0 68455.70664654429 33019.71168899023
819 102375.0 68539.39332948634 33060.078084698
820 102500.0 68623.08001242839 33100.444480405764
821 102625.0 68706.76669537043 33140.81087611353
822 102750.0 68790.45337831248 33181.177271821296
823 102875.0 68874.14006125453 33221.54366752906
824 103000.0 68957.82674419657 33261.91006323683
825 103125.0 69041.51342713862 33302.276458944594
826 103250.0 69125.20011008067 33342.64285465236
827 103375.0 69208.88679302271 33383.009250360126
828 103500.0 69292.57347596476 33423.37564606789
829 103625.0 69376.2601589068 33463.74204177566
830 103750.0 69459.94684184885 33504.108437483424
831 103875.0 69543.6335247909 33544.47483319119
832 104000.0 69627.32020773295 33584.84122889896
833 104125.0 69711.006890675 33625.20762460672
834 104250.0 69794.69357361704 33665.57402031449
835 104375.0 69878.38025655909 33705.940416022255
836 104500.0 69962.06693950114 33746.30681173002
837 104625.0 70045.75362244318 33786.67320743779
838 104750.0 70129.44030538523 33827.03960314555
839 104875.0 70213.12698832728 33867.40599885332
840 105000.0 70296.81367126932 33907.772394561085
841 105125.0 70380.50035421137 33948.13879026885
842 105250.0 70464.18703715342 33988.50518597662
843 105375.0 70547.87372009546 34028.87158168438
844 105500.0 70631.56040303751 34069.23797739215
845 105625.0 70715.24708597956 34109.604373099915
846 105750.0 70798.9337689216 34149.97076880768
847 105875.0 70882.62045186365 34190.33716451545
848 106000.0 70966.3071348057 34230.70356022321
849 106125.0 71049.99381774775 34271.06995593098
850 106250.0 71133.68050068979 34311.436351638746
851 106375.0 71217.36718363184 34351.80274734651
852 106500.0 71301.05386657389 34392.16914305428
853 106625.0 71384.74054951593 34432.535538762044
854 106750.0 71468.42723245798 34472.90193446981
855 106875.0 71552.11391540003 34513.268330177576
856 107000.0 71635.80059834207 34553.63472588534
857 107125.0 71719.48728128412 34594.00112159311
858 107250.0 71803.17396422617 34634.367517300874
859 107375.0 71886.86064716821 34674.73391300864
860 107500.0 71970.54733011026 34715.100308716406
861 107625.0 72054.23401305231 34755.46670442417
862 107750.0 72137.92069599435 34795.83310013194
863 107875.0 72221.6073789364 34836.199495839704
864 108000.0 72305.29406187845 34876.56589154747
865 108125.0 72388.9807448205 34916.93228725524
866 108250.0 72472.66742776254 34957.298682963
867 108375.0 72556.35411070459 34997.66507867077
868 108500.0 72640.04079364664 35038.031474378535
869 108625.0 72723.72747658868 35078.3978700863
870 108750.0 72807.41415953073 35118.76426579407
871 108875.0 72891.10084247278 35159.13066150183
872 109000.0 72974.78752541482 35199.4970572096
873 109125.0 73058.47420835687 35239.863452917365
874 109250.0 73142.16089129892 35280.22984862513
875 109375.0 73225.84757424096 35320.5962443329
876 109500.0 73309.53425718301 35360.96264004066
877 109625.0 73393.22094012506 35401.32903574843
878 109750.0 73476.9076230671 35441.695431456195
879 109875.0 73560.59430600915 35482.06182716396
880 110000.0 73644.2809889512 35522.42822287173
881 110125.0 73727.96767189325 35562.79461857949
882 110250.0 73811.6543548353 35603.16101428726
883 110375.0 73895.34103777734 35643.527409995026
884 110500.0 73979.02772071939 35683.89380570279
885 110625.0 74062.71440366143 35724.26020141056
886 110750.0 74146.40108660348 35764.626597118324
887 110875.0 74230.08776954553 35804.99299282609
888 111000.0 74313.77445248757 35845.359388533856
889 111125.0 74397.46113542962 35885.72578424162
890 111250.0 74481.14781837167 35926.09217994939
891 111375.0 74564.83450131372 35966.458575657154
892 111500.0 74648.52118425576 36006.82497136492
893 111625.0 74732.20786719781 36047.191367072686
894 111750.0 74815.89455013986 36087.55776278045
895 111875.0 74899.5812330819 36127.92415848822
896 112000.0 74983.26791602395 36168.290554195984
897 112125.0 75066.954598966 36208.65694990375
898 112250.0 75150.64128190804 36249.02334561152
899 112375.0 75234.32796485009 36289.38974131928
900 112500.0 75318.01464779214 36329.75613702705
901 112625.0 75401.70133073418 36370.122532734815
902 112750.0 75485.38801367623 36410.48892844258
903 112875.0 75569.07469661828 36450.85532415035
904 113000.0 75652.76137956032 36491.22171985811
905 113125.0 75736.44806250237 36531.58811556588
906 113250.0 75820.13474544442 36571.954511273645
907 113375.0 75903.82142838647 36612.32090698141
908 113500.0 75987.50811132851 36652.68730268918
909 113625.0 76071.19479427056 36693.05369839694
910 113750.0 76154.8814772126 36733.42009410471
911 113875.0 76238.56816015465 36773.786489812475
912 114000.0 76322.2548430967 36814.15288552024
913 114125.0 76405.94152603875 36854.51928122801
914 114250.0 76489.6282089808 36894.88567693577
915 114375.0 76573.31489192284 36935.25207264354
916 114500.0 76657.00157486489 36975.618468351306
917 114625.0 76740.68825780693 37015.98486405907
918 114750.0 76824.37494074898 37056.35125976684
919 114875.0 76908.06162369103 37096.717655474604
920 115000.0 76991.74830663308 37137.08405118237
921 115125.0 77075.43498957512 37177.450446890136
922 115250.0 77159.12167251717 37217.8168425979
923 115375.0 77242.80835545922 37258.18323830567
924 115500.0 77326.49503840126 37298.549634013434
925 115625.0 77410.18172134331 37338.9160297212
926 115750.0 77493.86840428536 37379.282425428966
927 115875.0 77577.5550872274 37419.64882113673
928 116000.0 77661.24177016945 37460.0152168445
929 116125.0 77744.9284531115 37500.381612552264
930 116250.0 77828.61513605354 37540.74800826003
931 116375.0 77912.30181899559 37581.1144039678
932 116500.0 77995.98850193764 37621.48079967556
933 116625.0 78079.67518487968 37661.84719538333
934 116750.0 78163.36186782173 37702.213591091095
935 116875.0 78247.04855076378 37742.57998679886
936 117000.0 78330.73523370583 37782.94638250663
937 117125.0 78414.42191664787 37823.31277821439
938 117250.0 78498.10859958992 37863.67917392216
939 117375.0 78581.79528253197 37904.045569629925
940 117500.0 78665.48196547401 37944.41196533769
941 117625.0 78749.16864841606 37984.77836104546
942 117750.0 78832.8553313581 38025.14475675322
943 117875.0 78916.54201430015 38065.51115246099
944 118000.0 79000.2286972422 38105.877548168755
945 118125.0 79083.91538018425 38146.24394387652
946 118250.0 79167.6020631263 38186.61033958429
947 118375.0 79251.28874606834 38226.97673529205
948 118500.0 79334.97542901039 38267.34313099982
949 118625.0 79418.66211195244 38307.709526707586
950 118750.0 79502.34879489448 38348.07592241535
951 118875.0 79586.03547783653 38388.44231812312
952 119000.0 79669.72216077858 38428.808713830884
953 119125.0 79753.40884372062 38469.17510953865
954 119250.0 79837.09552666267 38509.541505246416
955 119375.0 79920.78220960472 38549.90790095418
956 119500.0 80004.46889254676 38590.27429666195
957 119625.0 80088.15557548881 38630.640692369714
958 119750.0 80171.84225843086 38671.00708807748
959 119875.0 80255.5289413729 38711.373483785246
960 120000.0 80339.21562431495 38751.73987949301
961 120125.0 80422.902307257 38792.10627520078
962 120250.0 80506.58899019904 38832.472670908544
963 120375.0 80590.27567314109 38872.83906661631
964 120500.0 80673.96235608314 38913.20546232408
965 120625.0 80757.64903902519 38953.57185803184
966 120750.0 80841.33572196723 38993.93825373961
967 120875.0 80925.02240490928 39034.304649447375
968 121000.0 81008.70908785133 39074.67104515514
969 121125.0 81092.39577079337 39115.03744086291
970 121250.0 81176.08245373542 39155.40383657067
971 121375.0 81259.76913667747 39195.77023227844
972 121500.0 81343.45581961951 39236.136627986205
973 121625.0 81427.14250256156 39276.50302369397
974 121750.0 81510.82918550361 39316.86941940174
975 121875.0 81594.51586844565 39357.2358151095
976 122000.0 81678.2025513877 39397.60221081727
977 122125.0 81761.88923432975 39437.968606525035
978 122250.0 81845.5759172718 39478.3350022328
979 122375.0 81929.26260021384 39518.70139794057
980 122500.0 82012.94928315589 39559.06779364833
981 122625.0 82096.63596609794 39599.4341893561
982 122750.0 82180.32264903998 39639.800585063866
983 122875.0 82264.00933198203 39680.16698077163
984 123000.0 82347.69601492408 39720.5333764794
985 123125.0 82431.38269786612 39760.899772187164
986 123250.0 82515.06938080817 39801.26616789493
987 123375.0 82598.75606375022 39841.632563602696
988 123500.0 82682.44274669226 39881.99895931046
989 123625.0 82766.12942963431 39922.36535501823
990 123750.0 82849.81611257636 39962.731750725994
991 123875.0 82933.5027955184 40003.09814643376
992 124000.0 83017.18947846045 40043.464542141526
993 124125.0 83100.8761614025 40083.83093784929
994 124250.0 83184.56284434455 40124.19733355706
995 124375.0 83268.24952728659 40164.563729264824
996 124500.0 83351.93621022864 40204.93012497259
997 124625.0 83435.62289317069 40245.29652068036
998 124750.0 83519.30957611273 40285.66291638812
999 124875.0 83602.99625905478 40326.02931209589
1000 125000.0 83686.68294199683 40366.395707803655
1001 125125.0 83770.36962493887 40406.76210351142
1002 125250.0 83854.05630788092 40447.12849921919
1003 125375.0 83937.74299082297 40487.49489492695
1004 125500.0 84021.42967376501 40527.86129063472
1005 125625.0 84105.11635670706 40568.227686342485
1006 125750.0 84188.80303964911 40608.59408205025
1007 125875.0 84272.48972259116 40648.96047775802
1008 126000.0 84356.1764055332 40689.32687346578
1009 126125.0 84439.86308847525 40729.69326917355
1010 126250.0 84523.5497714173 40770.059664881315
1011 126375.0 84607.23645435934 40810.42606058908
1012 126500.0 84690.92313730139 40850.79245629685
1013 126625.0 84774.60982024344 40891.15885200461
1014 126750.0 84858.29650318548 40931.52524771238
1015 126875.0 84941.98318612753 40971.891643420146
1016 127000.0 85025.66986906958 41012.25803912791
1017 127125.0 85109.35655201162 41052.62443483568
1018 127250.0 85193.04323495367 41092.990830543444
1019 127375.0 85276.72991789572 41133.35722625121
1020 127500.0 85360.41660083777 41173.723621958976
1021 127625.0 85444.10328377981 41214.09001766674
1022 127750.0 85527.78996672186 41254.45641337451
1023 127875.0 85611.4766496639 41294.822809082274
1024 128000.0 85695.16333260595 41335.18920479004
1025 128125.0 85778.850015548 41375.555600497806
1026 128250.0 85862.53669849005 41415.92199620557
1027 128375.0 85946.2233814321 41456.28839191334
1028 128500.0 86029.91006437414 41496.654787621104
1029 128625.0 86113.59674731619 41537.02118332887
1030 128750.0 86197.28343025823 41577.38757903664
1031 128875.0 86280.97011320028 41617.7539747444
1032 129000.0 86364.65679614233 41658.12037045217
1033 129125.0 86448.34347908437 41698.486766159935
1034 129250.0 86532.03016202642 41738.8531618677
1035 129375.0 86615.71684496847 41779.21955757547
1036 129500.0 86699.40352791052 41819.58595328323
1037 129625.0 86783.09021085256 41859.952348991
1038 129750.0 86866.77689379461 41900.318744698765
1039 129875.0 86950.46357673666 41940.68514040653
1040 130000.0 87034.1502596787 41981.0515361143
1041 130125.0 87117.83694262075 42021.41793182206
1042 130250.0 87201.5236255628 42061.78432752983
1043 130375.0 87285.21030850484 42102.150723237595
1044 130500.0 87368.89699144689 42142.51711894536
1045 130625.0 87452.58367438894 42182.88351465313
1046 130750.0 87536.27035733098 42223.24991036089
1047 130875.0 87619.95704027303 42263.61630606866
1048 131000.0 87703.64372321508 42303.982701776426
1049 131125.0 87787.33040615713 42344.34909748419
1050 131250.0 87871.01708909917 42384.71549319196
1051 131375.0 87954.70377204122 42425.081888899724
1052 131500.0 88038.39045498327 42465.44828460749
1053 131625.0 88122.07713792531 42505.814680315256
1054 131750.0 88205.76382086736 42546.18107602302
1055 131875.0 88289.4505038094 42586.54747173079
1056 132000.0 88373.13718675145 42626.913867438554
1057 132125.0 88456.8238696935 42667.28026314632
1058 132250.0 88540.51055263555 42707.646658854086
1059 132375.0 88624.1972355776 42748.01305456185
1060 132500.0 88707.88391851964 42788.37945026962
1061 132625.0 88791.57060146169 42828.745845977384
1062 132750.0 88875.25728440373 42869.11224168515
1063 132875.0 88958.94396734578 42909.47863739292
1064 133000.0 89042.63065028783 42949.84503310068
1065 133125.0 89126.31733322988 42990.21142880845
1066 133250.0 89210.00401617192 43030.577824516215
1067 133375.0 89293.69069911397 43070.94422022398
1068 133500.0 89377.37738205602 43111.31061593175
1069 133625.0 89461.06406499806 43151.67701163951
1070 133750.0 89544.75074794011 43192.04340734728
1071 133875.0 89628.43743088216 43232.409803055045
1072 134000.0 89712.1241138242 43272.77619876281
1073 134125.0 89795.81079676625 43313.14259447058
1074 134250.0 89879.4974797083 43353.50899017834
1075 134375.0 89963.18416265034 43393.87538588611
1076 134500.0 90046.87084559239 43434.241781593875
1077 134625.0 90130.55752853444 43474.60817730164
1078 134750.0 90214.24421147649 43514.97457300941
1079 134875.0 90297.93089441853 43555.34096871717
1080 135000.0 90381.61757736058 43595.70736442494
1081 135125.0 90465.30426030263 43636.073760132706
1082 135250.0 90548.99094324467 43676.44015584047
1083 135375.0 90632.67762618672 43716.80655154824
1084 135500.0 90716.36430912877 43757.172947256004
1085 135625.0 90800.05099207081 43797.53934296377
1086 135750.0 90883.73767501286 43837.905738671536
1087 135875.0 90967.42435795491 43878.2721343793
1088 136000.0 91051.11104089695 43918.63853008707
1089 136125.0 91134.797723839 43959.004925794834
1090 136250.0 91218.48440678105 43999.3713215026
1091 136375.0 91302.1710897231 44039.737717210366
1092 136500.0 91385.85777266514 44080.10411291813
1093 136625.0 91469.54445560719 44120.4705086259
1094 136750.0 91553.23113854924 44160.836904333664
1095 136875.0 91636.91782149128 44201.20330004143
1096 137000.0 91720.60450443333 44241.5696957492
1097 137125.0 91804.29118737538 44281.93609145696
1098 137250.0 91887.97787031742 44322.30248716473
1099 137375.0 91971.66455325947 44362.668882872495
1100 137500.0 92055.35123620152 44403.03527858026
1101 137625.0 92139.03791914356 44443.40167428803
1102 137750.0 92222.72460208561 44483.76806999579
1103 137875.0 92306.41128502766 44524.13446570356
1104 138000.0 92390.0979679697 44564.500861411325
1105 138125.0 92473.78465091175 44604.86725711909
1106 138250.0 92557.4713338538 44645.23365282686
1107 138375.0 92641.15801679585 44685.60004853462
1108 138500.0 92724.84469973789 44725.96644424239
1109 138625.0 92808.53138267994 44766.332839950155
1110 138750.0 92892.21806562199 44806.69923565792
1111 138875.0 92975.90474856403 44847.06563136569
1112 139000.0 93059.59143150608 44887.43202707345
1113 139125.0 93143.27811444813 44927.79842278122
1114 139250.0 93226.96479739017 44968.164818488985
1115 139375.0 93310.65148033222 45008.53121419675
1116 139500.0 93394.33816327427 45048.89760990452
1117 139625.0 93478.02484621631 45089.264005612284
1118 139750.0 93561.71152915836 45129.63040132005
1119 139875.0 93645.39821210041 45169.996797027816
1120 140000.0 93729.08489504246 45210.36319273558
1121 140125.0 93812.7715779845 45250.72958844335
1122 140250.0 93896.45826092655 45291.095984151114
1123 140375.0 93980.1449438686 45331.46237985888
1124 140500.0 94063.83162681064 45371.828775566646
1125 140625.0 94147.51830975269 45412.19517127441
1126 140750.0 94231.20499269474 45452.56156698218
1127 140875.0 94314.89167563678 45492.927962689944
1128 141000.0 94398.57835857883 45533.29435839771
1129 141125.0 94482.26504152088 45573.66075410548
1130 141250.0 94565.95172446292 45614.02714981324
1131 141375.0 94649.63840740497 45654.39354552101
1132 141500.0 94733.32509034702 45694.759941228775
1133 141625.0 94817.01177328906 45735.12633693654
1134 141750.0 94900.69845623111 45775.49273264431
1135 141875.0 94984.38513917316 45815.85912835207
1136 142000.0 95068.0718221152 45856.22552405984
1137 142125.0 95151.75850505725 45896.591919767605
1138 142250.0 95235.4451879993 45936.95831547537
1139 142375.0 95319.13187094135 45977.32471118314
1140 142500.0 95402.8185538834 46017.6911068909
1141 142625.0 95486.50523682544 46058.05750259867
1142 142750.0 95570.19191976749 46098.423898306435
1143 142875.0 95653.87860270953 46138.7902940142
1144 143000.0 95737.56528565158 46179.15668972197
1145 143125.0 95821.25196859363 46219.52308542973
1146 143250.0 95904.93865153567 46259.8894811375
1147 143375.0 95988.62533447772 46300.255876845265
1148 143500.0 96072.31201741977 46340.62227255303
1149 143625.0 96155.99870036182 46380.9886682608
1150 143750.0 96239.68538330386 46421.35506396856
1151 143875.0 96323.37206624591 46461.72145967633
1152 144000.0 96407.05874918796 46502.087855384096
1153 144125.0 96490.74543213 46542.45425109186
1154 144250.0 96574.43211507205 46582.82064679963
1155 144375.0 96658.1187980141 46623.187042507394
1156 144500.0 96741.80548095614 46663.55343821516
1157 144625.0 96825.49216389819 46703.919833922926
1158 144750.0 96909.17884684024 46744.28622963069
1159 144875.0 96992.86552978228 46784.65262533846
1160 145000.0 97076.55221272433 46825.019021046224
1161 145125.0 97160.23889566638 46865.38541675399
1162 145250.0 97243.92557860842 46905.751812461756
1163 145375.0 97327.61226155047 46946.11820816952
1164 145500.0 97411.29894449252 46986.48460387729
1165 145625.0 97494.98562743457 47026.850999585055
1166 145750.0 97578.67231037661 47067.21739529282
1167 145875.0 97662.35899331866 47107.58379100059
1168 146000.0 97746.0456762607 47147.95018670835
1169 146125.0 97829.73235920275 47188.31658241612
1170 146250.0 97913.4190421448 47228.682978123885
1171 146375.0 97997.10572508685 47269.04937383165
1172 146500.0 98080.7924080289 47309.41576953942
1173 146625.0 98164.47909097094 47349.78216524718
1174 146750.0 98248.16577391299 47390.14856095495
1175 146875.0 98331.85245685503 47430.514956662715
1176 147000.0 98415.53913979708 47470.88135237048
1177 147125.0 98499.22582273913 47511.24774807825
1178 147250.0 98582.91250568118 47551.61414378601
1179 147375.0 98666.59918862322 47591.98053949378
1180 147500.0 98750.28587156527 47632.346935201545
1181 147625.0 98833.97255450732 47672.71333090931
1182 147750.0 98917.65923744936 47713.07972661708
1183 147875.0 99001.34592039141 47753.44612232484
1184 148000.0 99085.03260333346 47793.81251803261
1185 148125.0 99168.7192862755 47834.178913740376
1186 148250.0 99252.40596921755 47874.54530944814
1187 148375.0 99336.0926521596 47914.91170515591
1188 148500.0 99419.77933510164 47955.278100863674
1189 148625.0 99503.46601804369 47995.64449657144
1190 148750.0 99587.15270098574 48036.010892279206
1191 148875.0 99670.83938392779 48076.37728798697
1192 149000.0 99754.52606686983 48116.74368369474
1193 149125.0 99838.21274981188 48157.110079402504
1194 149250.0 99921.89943275393 48197.47647511027
1195 149375.0 100005.58611569597 48237.842870818036
1196 149500.0 100089.27279863802 48278.2092665258
1197 149625.0 100172.95948158007 48318.57566223357
1198 149750.0 100256.64616452211 48358.942057941334
1199 149875.0 100340.33284746416 48399.3084536491
1200 150000.0 100424.0195304062 48439.67484935687
1201 150125.0 100507.70621334825 48480.04124506463
1202 150250.0 100591.3928962903 48520.4076407724
1203 150375.0 100675.07957923235 48560.774036480165
1204 150500.0 100758.7662621744 48601.14043218793
1205 150625.0 100842.45294511644 48641.5068278957
1206 150750.0 100926.13962805849 48681.87322360346
1207 150875.0 101009.82631100054 48722.23961931123
1208 151000.0 101093.51299394258 48762.606015018995
1209 151125.0 101177.19967688463 48802.97241072676
1210 151250.0 101260.88635982668 48843.33880643453
1211 151375.0 101344.57304276872 48883.70520214229
1212 151500.0 101428.25972571077 48924.07159785006
1213 151625.0 101511.94640865282 48964.437993557825
1214 151750.0 101595.63309159486 49004.80438926559
1215 151875.0 101679.31977453691 49045.17078497336
1216 152000.0 101763.00645747896 49085.53718068112
1217 152125.0 101846.693140421 49125.90357638889
1218 152250.0 101930.37982336305 49166.269972096656
1219 152375.0 102014.0665063051 49206.63636780442
1220 152500.0 102097.75318924715 49247.00276351219
1221 152625.0 102181.43987218919 49287.369159219954
1222 152750.0 102265.12655513124 49327.73555492772
1223 152875.0 102348.81323807329 49368.101950635486
1224 153000.0 102432.49992101533 49408.46834634325
1225 153125.0 102516.18660395738 49448.83474205102
1226 153250.0 102599.87328689943 49489.201137758784
1227 153375.0 102683.55996984147 49529.56753346655
1228 153500.0 102767.24665278352 49569.933929174316
1229 153625.0 102850.93333572557 49610.30032488208
1230 153750.0 102934.62001866761 49650.66672058985
1231 153875.0 103018.30670160966 49691.033116297614
1232 154000.0 103101.99338455171 49731.39951200538
1233 154125.0 103185.68006749375 49771.76590771315
1234 154250.0 103269.3667504358 49812.13230342091
1235 154375.0 103353.05343337785 49852.49869912868
1236 154500.0 103436.7401163199 49892.865094836445
1237 154625.0 103520.42679926194 49933.23149054421
1238 154750.0 103604.11348220399 49973.59788625198
1239 154875.0 103687.80016514604 50013.96428195974
1240 155000.0 103771.48684808808 50054.33067766751
1241 155125.0 103855.17353103013 50094.697073375275
1242 155250.0 103938.86021397218 50135.06346908304
1243 155375.0 104022.54689691422 50175.42986479081
1244 155500.0 104106.23357985627 50215.79626049857
1245 155625.0 104189.92026279832 50256.16265620634
1246 155750.0 104273.60694574036 50296.529051914105
1247 155875.0 104357.29362868241 50336.89544762187
1248 156000.0 104440.98031162446 50377.26184332964
1249 156125.0 104524.6669945665 50417.6282390374
1250 156250.0 104608.35367750855 50457.99463474517
1251 156375.0 104692.0403604506 50498.361030452936
1252 156500.0 104775.72704339265 50538.7274261607
1253 156625.0 104859.4137263347 50579.09382186847
1254 156750.0 104943.10040927674 50619.460217576234
1255 156875.0 105026.78709221879 50659.826613284
1256 157000.0 105110.47377516083 50700.193008991766
1257 157125.0 105194.16045810288 50740.55940469953
1258 157250.0 105277.84714104493 50780.9258004073
1259 157375.0 105361.53382398697 50821.292196115064
1260 157500.0 105445.22050692902 50861.65859182283
1261 157625.0 105528.90718987107 50902.024987530596
1262 157750.0 105612.59387281312 50942.39138323836
1263 157875.0 105696.28055575516 50982.75777894613
1264 158000.0 105779.96723869721 51023.124174653894
1265 158125.0 105863.65392163926 51063.49057036166
1266 158250.0 105947.3406045813 51103.85696606943
1267 158375.0 106031.02728752335 51144.22336177719
1268 158500.0 106114.7139704654 51184.58975748496
1269 158625.0 106198.40065340744 51224.956153192725
1270 158750.0 106282.08733634949 51265.32254890049
1271 158875.0 106365.77401929154 51305.68894460826
1272 159000.0 106449.46070223358 51346.05534031602
1273 159125.0 106533.14738517563 51386.42173602379
1274 159250.0 106616.83406811768 51426.788131731555
1275 159375.0 106700.52075105972 51467.15452743932
1276 159500.0 106784.20743400177 51507.52092314709
1277 159625.0 106867.89411694382 51547.88731885485
1278 159750.0 106951.58079988587 51588.25371456262
1279 159875.0 107035.26748282791 51628.620110270385
1280 160000.0 107118.95416576996 51668.98650597815
1281 160125.0 107202.640848712 51709.35290168592
1282 160250.0 107286.32753165405 51749.71929739368
1283 160375.0 107370.0142145961 51790.08569310145
1284 160500.0 107453.70089753815 51830.452088809216
1285 160625.0 107537.3875804802 51870.81848451698
1286 160750.0 107621.07426342224 51911.18488022475
1287 160875.0 107704.76094636429 51951.551275932514
1288 161000.0 107788.44762930633 51991.91767164028
1289 161125.0 107872.13431224838 52032.284067348046
1290 161250.0 107955.82099519043 52072.65046305581
1291 161375.0 108039.50767813248 52113.01685876358
1292 161500.0 108123.19436107452 52153.383254471344
1293 161625.0 108206.88104401657 52193.74965017911
1294 161750.0 108290.56772695862 52234.116045886876
1295 161875.0 108374.25440990066 52274.48244159464
1296 162000.0 108457.94109284271 52314.84883730241
1297 162125.0 108541.62777578476 52355.215233010174
1298 162250.0 108625.3144587268 52395.58162871794
1299 162375.0 108709.00114166885 52435.94802442571
1300 162500.0 108792.6878246109 52476.31442013347
1301 162625.0 108876.37450755294 52516.68081584124
1302 162750.0 108960.06119049499 52557.047211549005
1303 162875.0 109043.74787343704 52597.41360725677
1304 163000.0 109127.43455637908 52637.78000296454
1305 163125.0 109211.12123932113 52678.1463986723
1306 163250.0 109294.80792226318 52718.51279438007
1307 163375.0 109378.49460520523 52758.879190087835
1308 163500.0 109462.18128814727 52799.2455857956
1309 163625.0 109545.86797108932 52839.61198150337
1310 163750.0 109629.55465403137 52879.97837721113
1311 163875.0 109713.24133697341 52920.3447729189
1312 164000.0 109796.92801991546 52960.711168626665
1313 164125.0 109880.6147028575 53001.07756433443
1314 164250.0 109964.30138579955 53041.4439600422
1315 164375.0 110047.9880687416 53081.81035574996
1316 164500.0 110131.67475168365 53122.17675145773
1317 164625.0 110215.3614346257 53162.543147165496
1318 164750.0 110299.04811756774 53202.90954287326
1319 164875.0 110382.73480050979 53243.27593858103
1320 165000.0 110466.42148345184 53283.642334288794
1321 165125.0 110550.10816639388 53324.00872999656
1322 165250.0 110633.79484933593 53364.375125704326
1323 165375.0 110717.48153227798 53404.74152141209
1324 165500.0 110801.16821522002 53445.10791711986
1325 165625.0 110884.85489816207 53485.474312827624
1326 165750.0 110968.54158110412 53525.84070853539
1327 165875.0 111052.22826404616 53566.207104243156
1328 166000.0 111135.91494698821 53606.57349995092
1329 166125.0 111219.60162993026 53646.93989565869
1330 166250.0 111303.2883128723 53687.306291366454
1331 166375.0 111386.97499581435 53727.67268707422
1332 166500.0 111470.6616787564 53768.03908278199
1333 166625.0 111554.34836169844 53808.40547848975
1334 166750.0 111638.03504464049 53848.77187419752
1335 166875.0 111721.72172758254 53889.138269905285
1336 167000.0 111805.40841052459 53929.50466561305
1337 167125.0 111889.09509346663 53969.87106132082
1338 167250.0 111972.78177640868 54010.23745702858
1339 167375.0 112056.46845935073 54050.60385273635
1340 167500.0 112140.15514229277 54090.970248444115
1341 167625.0 112223.84182523482 54131.33664415188
1342 167750.0 112307.52850817687 54171.70303985965
1343 167875.0 112391.21519111891 54212.06943556741
1344 168000.0 112474.90187406096 54252.43583127518
1345 168125.0 112558.58855700301 54292.802226982945
1346 168250.0 112642.27523994505 54333.16862269071
1347 168375.0 112725.9619228871 54373.53501839848
1348 168500.0 112809.64860582915 54413.90141410624
1349 168625.0 112893.3352887712 54454.26780981401
1350 168750.0 112977.02197171324 54494.634205521776
1351 168875.0 113060.70865465529 54535.00060122954
1352 169000.0 113144.39533759734 54575.36699693731
1353 169125.0 113228.08202053938 54615.733392645074
1354 169250.0 113311.76870348143 54656.09978835284
1355 169375.0 113395.45538642348 54696.466184060606
1356 169500.0 113479.14206936552 54736.83257976837
1357 169625.0 113562.82875230757 54777.19897547614
1358 169750.0 113646.51543524962 54817.565371183904
1359 169875.0 113730.20211819166 54857.93176689167
1360 170000.0 113813.88880113371 54898.298162599436
1361 170125.0 113897.57548407576 54938.6645583072
1362 170250.0 113981.2621670178 54979.03095401497
1363 170375.0 114064.94884995985 55019.397349722734
1364 170500.0 114148.6355329019 55059.7637454305
1365 170625.0 114232.32221584395 55100.13014113827
1366 170750.0 114316.00889878599 55140.49653684603
1367 170875.0 114399.69558172804 55180.8629325538
1368 171000.0 114483.38226467009 55221.229328261565
1369 171125.0 114567.06894761213 55261.59572396933
1370 171250.0 114650.75563055418 55301.9621196771
1371 171375.0 114734.44231349623 55342.32851538486
1372 171500.0 114818.12899643827 55382.69491109263
1373 171625.0 114901.81567938032 55423.061306800395
1374 171750.0 114985.50236232237 55463.42770250816
1375 171875.0 115069.18904526441 55503.79409821593
1376 172000.0 115152.87572820646 55544.16049392369
1377 172125.0 115236.56241114851 55584.52688963146
1378 172250.0 115320.24909409056 55624.893285339225
1379 172375.0 115403.9357770326 55665.25968104699
1380 172500.0 115487.62245997465 55705.62607675476
1381 172625.0 115571.3091429167 55745.99247246252
1382 172750.0 115654.99582585874 55786.35886817029
1383 172875.0 115738.68250880079 55826.725263878056
1384 173000.0 115822.36919174284 55867.09165958582
1385 173125.0 115906.05587468488 55907.45805529359
1386 173250.0 115989.74255762693 55947.824451001354
1387 173375.0 116073.42924056898 55988.19084670912
1388 173500.0 116157.11592351102 56028.557242416886
1389 173625.0 116240.80260645307 56068.92363812465
1390 173750.0 116324.48928939512 56109.29003383242
1391 173875.0 116408.17597233717 56149.656429540184
1392 174000.0 116491.86265527921 56190.02282524795
1393 174125.0 116575.54933822126 56230.389220955716
1394 174250.0 116659.2360211633 56270.75561666348
1395 174375.0 116742.92270410535 56311.12201237125
1396 174500.0 116826.6093870474 56351.488408079014
1397 174625.0 116910.29606998945 56391.85480378678
1398 174750.0 116993.9827529315 56432.22119949455
1399 174875.0 117077.66943587354 56472.58759520231
1400 175000.0 117161.35611881559 56512.95399091008
1401 175125.0 117245.04280175763 56553.320386617845
1402 175250.0 117328.72948469968 56593.68678232561
1403 175375.0 117412.41616764173 56634.05317803338
1404 175500.0 117496.10285058377 56674.41957374114
1405 175625.0 117579.78953352582 56714.78596944891
1406 175750.0 117663.47621646787 56755.152365156675
1407 175875.0 117747.16289940992 56795.51876086444
1408 176000.0 117830.84958235196 56835.88515657221
1409 176125.0 117914.53626529401 56876.25155227997
1410 176250.0 117998.22294823606 56916.61794798774
1411 176375.0 118081.9096311781 56956.984343695505
1412 176500.0 118165.59631412015 56997.35073940327
1413 176625.0 118249.2829970622 57037.71713511104
1414 176750.0 118332.96968000424 57078.0835308188
1415 176875.0 118416.65636294629 57118.44992652657
1416 177000.0 118500.34304588834 57158.816322234336
1417 177125.0 118584.02972883038 57199.1827179421
1418 177250.0 118667.71641177243 57239.54911364987
1419 177375.0 118751.40309471448 57279.915509357634
1420 177500.0 118835.08977765653 57320.2819050654
1421 177625.0 118918.77646059857 57360.648300773166
1422 177750.0 119002.46314354062 57401.01469648093
1423 177875.0 119086.14982648267 57441.3810921887
1424 178000.0 119169.83650942471 57481.747487896464
1425 178125.0 119253.52319236676 57522.11388360423
1426 178250.0 119337.2098753088 57562.480279311996
1427 178375.0 119420.89655825085 57602.84667501976
1428 178500.0 119504.5832411929 57643.21307072753
1429 178625.0 119588.26992413495 57683.579466435294
1430 178750.0 119671.956607077 57723.94586214306
1431 178875.0 119755.64329001904 57764.31225785083
1432 179000.0 119839.32997296109 57804.67865355859
1433 179125.0 119923.01665590313 57845.04504926636
1434 179250.0 120006.70333884518 57885.411444974125
1435 179375.0 120090.39002178723 57925.77784068189
1436 179500.0 120174.07670472928 57966.14423638966
1437 179625.0 120257.76338767132 58006.51063209742
1438 179750.0 120341.45007061337 58046.87702780519
1439 179875.0 120425.13675355542 58087.243423512955
1440 180000.0 120508.82343649746 58127.60981922072
1441 180125.0 120592.51011943951 58167.97621492849
1442 180250.0 120676.19680238156 58208.34261063625
1443 180375.0 120759.8834853236 58248.70900634402
1444 180500.0 120843.57016826565 58289.075402051785
1445 180625.0 120927.2568512077 58329.44179775955
1446 180750.0 121010.94353414974 58369.80819346732
1447 180875.0 121094.63021709179 58410.17458917508
1448 181000.0 121178.31690003384 58450.54098488285
1449 181125.0 121262.00358297589 58490.907380590616
1450 181250.0 121345.69026591793 58531.27377629838
1451 181375.0 121429.37694885998 58571.64017200615
1452 181500.0 121513.06363180203 58612.006567713914
1453 181625.0 121596.75031474407 58652.37296342168
1454 181750.0 121680.43699768612 58692.739359129446
1455 181875.0 121764.12368062817 58733.10575483721
1456 182000.0 121847.81036357021 58773.47215054498
1457 182125.0 121931.49704651226 58813.838546252744
1458 182250.0 122015.18372945431 58854.20494196051
1459 182375.0 122098.87041239635 58894.571337668276
1460 182500.0 122182.5570953384 58934.93773337604
1461 182625.0 122266.24377828045 58975.30412908381
1462 182750.0 122349.9304612225 59015.670524791574
1463 182875.0 122433.61714416454 59056.03692049934
1464 183000.0 122517.30382710659 59096.40331620711
1465 183125.0 122600.99051004864 59136.76971191487
1466 183250.0 122684.67719299068 59177.13610762264
1467 183375.0 122768.36387593273 59217.502503330405
1468 183500.0 122852.05055887478 59257.86889903817
1469 183625.0 122935.73724181682 59298.23529474594
1470 183750.0 123019.42392475887 59338.6016904537
1471 183875.0 123103.11060770092 59378.96808616147
1472 184000.0 123186.79729064296 59419.334481869235
1473 184125.0 123270.48397358501 59459.700877577
1474 184250.0 123354.17065652706 59500.06727328477
1475 184375.0 123437.8573394691 59540.43366899253
1476 184500.0 123521.54402241115 59580.8000647003
1477 184625.0 123605.2307053532 59621.166460408065
1478 184750.0 123688.91738829525 59661.53285611583
1479 184875.0 123772.60407123729 59701.8992518236
1480 185000.0 123856.29075417934 59742.26564753136
1481 185125.0 123939.97743712139 59782.63204323913
1482 185250.0 124023.66412006343 59822.998438946895
1483 185375.0 124107.35080300548 59863.36483465466
1484 185500.0 124191.03748594753 59903.73123036243
1485 185625.0 124274.72416888957 59944.097626070194
1486 185750.0 124358.41085183162 59984.46402177796
1487 185875.0 124442.09753477367 60024.830417485726
1488 186000.0 124525.78421771571 60065.19681319349
1489 186125.0 124609.47090065776 60105.56320890126
1490 186250.0 124693.15758359981 60145.929604609024
1491 186375.0 124776.84426654186 60186.29600031679
1492 186500.0 124860.5309494839 60226.662396024556
1493 186625.0 124944.21763242595 60267.02879173232
1494 186750.0 125027.904315368 60307.39518744009
1495 186875.0 125111.59099831004 60347.761583147854
1496 187000.0 125195.27768125209 60388.12797885562
1497 187125.0 125278.96436419414 60428.49437456339
1498 187250.0 125362.65104713618 60468.86077027115
1499 187375.0 125446.33773007823 60509.22716597892
1500 187500.0 125530.02441302028 60549.593561686685
1501 187625.0 125613.71109596232 60589.95995739445
1502 187750.0 125697.39777890437 60630.32635310222
1503 187875.0 125781.08446184642 60670.69274880998
1504 188000.0 125864.77114478846 60711.05914451775
1505 188125.0 125948.45782773051 60751.425540225515
1506 188250.0 126032.14451067256 60791.79193593328
1507 188375.0 126115.8311936146 60832.15833164105
1508 188500.0 126199.51787655665 60872.52472734881
1509 188625.0 126283.2045594987 60912.89112305658
1510 188750.0 126366.89124244075 60953.257518764345
1511 188875.0 126450.5779253828 60993.62391447211
1512 189000.0 126534.26460832484 61033.99031017988
1513 189125.0 126617.95129126689 61074.35670588764
1514 189250.0 126701.63797420893 61114.72310159541
1515 189375.0 126785.32465715098 61155.089497303175
1516 189500.0 126869.01134009303 61195.45589301094
1517 189625.0 126952.69802303507 61235.82228871871
1518 189750.0 127036.38470597712 61276.18868442647
1519 189875.0 127120.07138891917 61316.55508013424
1520 190000.0 127203.75807186122 61356.921475842006
1521 190125.0 127287.44475480326 61397.28787154977
1522 190250.0 127371.13143774531 61437.65426725754
1523 190375.0 127454.81812068736 61478.020662965304
1524 190500.0 127538.5048036294 61518.38705867307
1525 190625.0 127622.19148657145 61558.753454380836
1526 190750.0 127705.8781695135 61599.1198500886
1527 190875.0 127789.56485245554 61639.48624579637
1528 191000.0 127873.25153539759 61679.852641504134
1529 191125.0 127956.93821833964 61720.2190372119
1530 191250.0 128040.62490128168 61760.585432919666
1531 191375.0 128124.31158422373 61800.95182862743
1532 191500.0 128207.99826716578 61841.3182243352
1533 191625.0 128291.68495010782 61881.684620042965
1534 191750.0 128375.37163304987 61922.05101575073
1535 191875.0 128459.05831599192 61962.4174114585
1536 192000.0 128542.74499893397 62002.78380716626
1537 192125.0 128626.43168187601 62043.15020287403
1538 192250.0 128710.11836481806 62083.516598581795
1539 192375.0 128793.8050477601 62123.88299428956
1540 192500.0 128877.49173070215 62164.24938999733
1541 192625.0 128961.1784136442 62204.61578570509
1542 192750.0 129044.86509658625 62244.98218141286
1543 192875.0 129128.5517795283 62285.348577120625
1544 193000.0 129212.23846247034 62325.71497282839
1545 193125.0 129295.92514541239 62366.08136853616
1546 193250.0 129379.61182835443 62406.44776424392
1547 193375.0 129463.29851129648 62446.81415995169
1548 193500.0 129546.98519423853 62487.180555659455
1549 193625.0 129630.67187718058 62527.54695136722
1550 193750.0 129714.35856012262 62567.91334707499
1551 193875.0 129798.04524306467 62608.27974278275
1552 194000.0 129881.73192600672 62648.64613849052
1553 194125.0 129965.41860894876 62689.012534198286
1554 194250.0 130049.10529189081 62729.37892990605
1555 194375.0 130132.79197483286 62769.74532561382
1556 194500.0 130216.4786577749 62810.111721321584
1557 194625.0 130300.16534071695 62850.47811702935
1558 194750.0 130383.852023659 62890.844512737116
1559 194875.0 130467.53870660104 62931.21090844488
1560 195000.0 130551.22538954309 62971.57730415265
1561 195125.0 130634.91207248514 63011.943699860414
1562 195250.0 130718.59875542719 63052.31009556818
1563 195375.0 130802.28543836923 63092.676491275946
1564 195500.0 130885.97212131128 63133.04288698371
1565 195625.0 130969.65880425333 63173.40928269148
1566 195750.0 131053.34548719537 63213.775678399244
1567 195875.0 131137.03217013745 63254.14207410701
1568 196000.0 131220.71885307963 63294.50846981478
1569 196125.0 131304.4055360218 63334.87486552254
1570 196250.0 131388.09221896398 63375.24126123031
1571 196375.0 131471.77890190616 63415.607656938075
1572 196500.0 131555.46558484834 63455.97405264584
1573 196625.0 131639.15226779052 63496.34044835361
1574 196750.0 131722.8389507327 63536.70684406137
1575 196875.0 131806.52563367487 63577.07323976914
1576 197000.0 131890.21231661705 63617.439635476905
1577 197125.0 131973.89899955923 63657.80603118467
1578 197250.0 132057.5856825014 63698.17242689244
1579 197375.0 132141.27236544358 63738.5388226002
1580 197500.0 132224.95904838576 63778.90521830797
1581 197625.0 132308.64573132794 63819.271614015735
1582 197750.0 132392.33241427012 63859.6380097235
1583 197875.0 132476.0190972123 63900.00440543127
1584 198000.0 132559.70578015447 63940.37080113903
1585 198125.0 132643.39246309665 63980.7371968468
1586 198250.0 132727.07914603883 64021.103592554566
1587 198375.0 132810.765828981 64061.46998826233
1588 198500.0 132894.45251192318 64101.8363839701
1589 198625.0 132978.13919486536 64142.202779677864
1590 198750.0 133061.82587780754 64182.56917538563
1591 198875.0 133145.51256074972 64222.935571093396
1592 199000.0 133229.1992436919 64263.30196680116
1593 199125.0 133312.88592663407 64303.66836250893
1594 199250.0 133396.57260957625 64344.034758216694
1595 199375.0 133480.25929251843 64384.40115392446
1596 199500.0 133563.9459754606 64424.767549632226
1597 199625.0 133647.63265840278 64465.13394533999
1598 199750.0 133731.31934134496 64505.50034104776
1599 199875.0 133815.00602428714 64545.866736755524
1600 200000.0 133898.69270722932 64586.23313246329
1601 200125.0 133982.3793901715 64626.59952817106
1602 200250.0 134066.06607311367 64666.96592387882
1603 200375.0 134149.75275605585 64707.33231958659
1604 200500.0 134233.43943899803 64747.698715294355
1605 200625.0 134317.1261219402 64788.06511100212
1606 200750.0 134400.8128048824 64828.43150670989
1607 200875.0 134484.49948782456 64868.79790241765
1608 201000.0 134568.18617076674 64909.16429812542
1609 201125.0 134651.87285370892 64949.530693833185
1610 201250.0 134735.5595366511 64989.89708954095
1611 201375.0 134819.24621959327 65030.26348524872
1612 201500.0 134902.93290253545 65070.62988095648
1613 201625.0 134986.61958547763 65110.99627666425
1614 201750.0 135070.3062684198 65151.362672372015
1615 201875.0 135153.992951362 65191.72906807978
1616 202000.0 135237.67963430416 65232.09546378755
1617 202125.0 135321.36631724634 65272.46185949531
1618 202250.0 135405.05300018852 65312.82825520308
1619 202375.0 135488.7396831307 65353.194650910846
1620 202500.0 135572.42636607288 65393.56104661861
1621 202625.0 135656.11304901505 65433.92744232638
1622 202750.0 135739.79973195723 65474.293838034144
1623 202875.0 135823.4864148994 65514.66023374191
1624 203000.0 135907.1730978416 65555.02662944961
1625 203125.0 135990.85978078377 65595.39302515738
1626 203250.0 136074.54646372594 65635.75942086514
1627 203375.0 136158.23314666812 65676.12581657291
1628 203500.0 136241.9198296103 65716.49221228067
1629 203625.0 136325.60651255248 65756.85860798844
1630 203750.0 136409.29319549465 65797.2250036962
1631 203875.0 136492.97987843683 65837.59139940397
1632 204000.0 136576.666561379 65877.95779511174
1633 204125.0 136660.3532443212 65918.3241908195
1634 204250.0 136744.03992726337 65958.69058652727
1635 204375.0 136827.72661020554 65999.05698223504
1636 204500.0 136911.41329314772 66039.4233779428
1637 204625.0 136995.0999760899 66079.78977365057
1638 204750.0 137078.78665903208 66120.15616935834
1639 204875.0 137162.47334197426 66160.5225650661
1640 205000.0 137246.16002491643 66200.88896077387
1641 205125.0 137329.8467078586 66241.25535648163
1642 205250.0 137413.5333908008 66281.6217521894
1643 205375.0 137497.22007374297 66321.98814789717
1644 205500.0 137580.90675668514 66362.35454360493
1645 205625.0 137664.59343962732 66402.7209393127
1646 205750.0 137748.2801225695 66443.08733502046
1647 205875.0 137831.96680551168 66483.45373072823
1648 206000.0 137915.65348845386 66523.820126436
1649 206125.0 137999.34017139603 66564.18652214376
1650 206250.0 138083.0268543382 66604.55291785153
1651 206375.0 138166.7135372804 66644.9193135593
1652 206500.0 138250.40022022257 66685.28570926706
1653 206625.0 138334.08690316475 66725.65210497483
1654 206750.0 138417.77358610692 66766.01850068259
1655 206875.0 138501.4602690491 66806.38489639036
1656 207000.0 138585.14695199128 66846.75129209812
1657 207125.0 138668.83363493346 66887.11768780589
1658 207250.0 138752.52031787563 66927.48408351366
1659 207375.0 138836.2070008178 66967.85047922142
1660 207500.0 138919.89368376 67008.21687492919
1661 207625.0 139003.58036670217 67048.58327063695
1662 207750.0 139087.26704964435 67088.94966634472
1663 207875.0 139170.95373258652 67129.31606205249
1664 208000.0 139254.6404155287 67169.68245776025
1665 208125.0 139338.32709847088 67210.04885346802
1666 208250.0 139422.01378141306 67250.41524917578
1667 208375.0 139505.70046435524 67290.78164488355
1668 208500.0 139589.3871472974 67331.14804059132
1669 208625.0 139673.0738302396 67371.51443629908
1670 208750.0 139756.76051318177 67411.88083200685
1671 208875.0 139840.44719612395 67452.24722771462
1672 209000.0 139924.13387906612 67492.61362342238
1673 209125.0 140007.8205620083 67532.98001913015
1674 209250.0 140091.50724495048 67573.34641483791
1675 209375.0 140175.19392789266 67613.71281054568
1676 209500.0 140258.88061083484 67654.07920625345
1677 209625.0 140342.567293777 67694.44560196121
1678 209750.0 140426.2539767192 67734.81199766898
1679 209875.0 140509.94065966137 67775.17839337674
1680 210000.0 140593.62734260355 67815.54478908451
1681 210125.0 140677.31402554573 67855.91118479228
1682 210250.0 140761.0007084879 67896.27758050004
1683 210375.0 140844.68739143008 67936.64397620781
1684 210500.0 140928.37407437226 67977.01037191557
1685 210625.0 141012.06075731444 68017.37676762334
1686 210750.0 141095.74744025661 68057.7431633311
1687 210875.0 141179.4341231988 68098.10955903887
1688 211000.0 141263.12080614097 68138.47595474664
1689 211125.0 141346.80748908315 68178.8423504544
1690 211250.0 141430.49417202533 68219.20874616217
1691 211375.0 141514.1808549675 68259.57514186994
1692 211500.0 141597.86753790968 68299.9415375777
1693 211625.0 141681.55422085186 68340.30793328547
1694 211750.0 141765.24090379404 68380.67432899323
1695 211875.0 141848.92758673622 68421.040724701
1696 212000.0 141932.6142696784 68461.40712040877
1697 212125.0 142016.30095262057 68501.77351611653
1698 212250.0 142099.98763556275 68542.1399118243
1699 212375.0 142183.67431850493 68582.50630753206
1700 212500.0 142267.3610014471 68622.87270323983
1701 212625.0 142351.04768438928 68663.2390989476
1702 212750.0 142434.73436733146 68703.60549465536
1703 212875.0 142518.42105027364 68743.97189036313
1704 213000.0 142602.10773321582 68784.3382860709
1705 213125.0 142685.794416158 68824.70468177866
1706 213250.0 142769.48109910017 68865.07107748643
1707 213375.0 142853.16778204235 68905.4374731942
1708 213500.0 142936.85446498453 68945.80386890196
1709 213625.0 143020.5411479267 68986.17026460973
1710 213750.0 143104.22783086888 69026.53666031749
1711 213875.0 143187.91451381106 69066.90305602526
1712 214000.0 143271.60119675324 69107.26945173302
1713 214125.0 143355.28787969542 69147.63584744079
1714 214250.0 143438.9745626376 69188.00224314856
1715 214375.0 143522.66124557977 69228.36863885632
1716 214500.0 143606.34792852195 69268.73503456409
1717 214625.0 143690.03461146413 69309.10143027185
1718 214750.0 143773.7212944063 69349.46782597962
1719 214875.0 143857.40797734848 69389.83422168739
1720 215000.0 143941.09466029066 69430.20061739515
1721 215125.0 144024.78134323284 69470.56701310292
1722 215250.0 144108.46802617502 69510.93340881068
1723 215375.0 144192.1547091172 69551.29980451845
1724 215500.0 144275.84139205937 69591.66620022622
1725 215625.0 144359.52807500155 69632.03259593398
1726 215750.0 144443.21475794373 69672.39899164175
1727 215875.0 144526.9014408859 69712.76538734951
1728 216000.0 144610.58812382809 69753.13178305728
1729 216125.0 144694.27480677026 69793.49817876505
1730 216250.0 144777.96148971244 69833.86457447281
1731 216375.0 144861.64817265462 69874.23097018058
1732 216500.0 144945.3348555968 69914.59736588834
1733 216625.0 145029.02153853897 69954.96376159611
1734 216750.0 145112.70822148115 69995.33015730388
1735 216875.0 145196.39490442333 70035.69655301164
1736 217000.0 145280.0815873655 70076.06294871941
1737 217125.0 145363.7682703077 70116.42934442718
1738 217250.0 145447.45495324986 70156.79574013494
1739 217375.0 145531.14163619204 70197.16213584271
1740 217500.0 145614.82831913422 70237.52853155047
1741 217625.0 145698.5150020764 70277.89492725824
1742 217750.0 145782.20168501858 70318.261322966
1743 217875.0 145865.88836796075 70358.62771867377
1744 218000.0 145949.57505090293 70398.99411438154
1745 218125.0 146033.2617338451 70439.3605100893
1746 218250.0 146116.9484167873 70479.72690579707
1747 218375.0 146200.63509972946 70520.09330150484
1748 218500.0 146284.32178267164 70560.4596972126
1749 218625.0 146368.00846561382 70600.82609292037
1750 218750.0 146451.695148556 70641.19248862813
1751 218875.0 146535.38183149818 70681.5588843359
1752 219000.0 146619.06851444035 70721.92528004367
1753 219125.0 146702.75519738253 70762.29167575143
1754 219250.0 146786.4418803247 70802.6580714592
1755 219375.0 146870.1285632669 70843.02446716696
1756 219500.0 146953.81524620907 70883.39086287473
1757 219625.0 147037.50192915124 70923.7572585825
1758 219750.0 147121.18861209342 70964.12365429026
1759 219875.0 147204.8752950356 71004.49004999803
1760 220000.0 147288.56197797778 71044.8564457058
1761 220125.0 147372.24866091996 71085.22284141356
1762 220250.0 147455.93534386213 71125.58923712133
1763 220375.0 147539.6220268043 71165.9556328291
1764 220500.0 147623.3087097465 71206.32202853686
1765 220625.0 147706.99539268867 71246.68842424462
1766 220750.0 147790.68207563084 71287.05481995239
1767 220875.0 147874.36875857302 71327.42121566016
1768 221000.0 147958.0554415152 71367.78761136792
1769 221125.0 148041.74212445738 71408.15400707569
1770 221250.0 148125.42880739956 71448.52040278346
1771 221375.0 148209.11549034173 71488.88679849122
1772 221500.0 148292.8021732839 71529.25319419899
1773 221625.0 148376.4888562261 71569.61958990675
1774 221750.0 148460.17553916827 71609.98598561452
1775 221875.0 148543.86222211045 71650.35238132229
1776 222000.0 148627.54890505262 71690.71877703005
1777 222125.0 148711.2355879948 71731.08517273782
1778 222250.0 148794.92227093698 71771.45156844558
1779 222375.0 148878.60895387916 71811.81796415335
1780 222500.0 148962.29563682133 71852.18435986112
1781 222625.0 149045.9823197635 71892.55075556888
1782 222750.0 149129.6690027057 71932.91715127665
1783 222875.0 149213.35568564787 71973.28354698441
1784 223000.0 149297.04236859005 72013.64994269218
1785 223125.0 149380.72905153222 72054.01633839995
1786 223250.0 149464.4157344744 72094.38273410771
1787 223375.0 149548.10241741658 72134.74912981548
1788 223500.0 149631.78910035876 72175.11552552324
1789 223625.0 149715.47578330094 72215.48192123101
1790 223750.0 149799.1624662431 72255.84831693878
1791 223875.0 149882.8491491853 72296.21471264654
1792 224000.0 149966.53583212747 72336.58110835431
1793 224125.0 150050.22251506965 72376.94750406207
1794 224250.0 150133.90919801182 72417.31389976984
1795 224375.0 150217.595880954 72457.6802954776
1796 224500.0 150301.28256389618 72498.04669118537
1797 224625.0 150384.96924683836 72538.41308689314
1798 224750.0 150468.65592978054 72578.7794826009
1799 224875.0 150552.3426127227 72619.14587830867
1800 225000.0 150636.0292956649 72659.51227401644
1801 225125.0 150719.71597860707 72699.8786697242
1802 225250.0 150803.40266154925 72740.24506543197
1803 225375.0 150887.08934449143 72780.61146113974
1804 225500.0 150970.7760274336 72820.9778568475
1805 225625.0 151054.46271037578 72861.34425255527
1806 225750.0 151138.14939331796 72901.71064826303
1807 225875.0 151221.83607626014 72942.0770439708
1808 226000.0 151305.52275920231 72982.44343967857
1809 226125.0 151389.2094421445 73022.80983538633
1810 226250.0 151472.89612508667 73063.1762310941
1811 226375.0 151556.58280802885 73103.54262680186
1812 226500.0 151640.26949097103 73143.90902250963
1813 226625.0 151723.9561739132 73184.2754182174
1814 226750.0 151807.64285685538 73224.64181392516
1815 226875.0 151891.32953979756 73265.00820963293
1816 227000.0 151975.01622273974 73305.3746053407
1817 227125.0 152058.70290568192 73345.74100104846
1818 227250.0 152142.3895886241 73386.10739675623
1819 227375.0 152226.07627156627 73426.47379246399
1820 227500.0 152309.76295450845 73466.84018817176
1821 227625.0 152393.44963745063 73507.20658387952
1822 227750.0 152477.1363203928 73547.57297958729
1823 227875.0 152560.82300333498 73587.93937529506
1824 228000.0 152644.50968627716 73628.30577100282
1825 228125.0 152728.19636921934 73668.67216671059
1826 228250.0 152811.88305216152 73709.03856241835
1827 228375.0 152895.5697351037 73749.40495812612
1828 228500.0 152979.25641804587 73789.77135383389
1829 228625.0 153062.94310098805 73830.13774954165
1830 228750.0 153146.62978393023 73870.50414524942
1831 228875.0 153230.3164668724 73910.87054095718
1832 229000.0 153314.00314981458 73951.23693666495
1833 229125.0 153397.68983275676 73991.60333237272
1834 229250.0 153481.37651569894 74031.96972808048
1835 229375.0 153565.06319864112 74072.33612378825
1836 229500.0 153648.7498815833 74112.70251949602
1837 229625.0 153732.43656452547 74153.06891520378
1838 229750.0 153816.12324746765 74193.43531091155
1839 229875.0 153899.80993040983 74233.80170661931
1840 230000.0 153983.496613352 74274.16810232708
1841 230125.0 154067.18329629418 74314.53449803485
1842 230250.0 154150.86997923636 74354.90089374261
1843 230375.0 154234.55666217854 74395.26728945038
1844 230500.0 154318.24334512072 74435.63368515814
1845 230625.0 154401.9300280629 74476.00008086591
1846 230750.0 154485.61671100507 74516.36647657368
1847 230875.0 154569.30339394725 74556.73287228144
1848 231000.0 154652.99007688943 74597.09926798921
1849 231125.0 154736.6767598316 74637.46566369697
1850 231250.0 154820.36344277379 74677.83205940474
1851 231375.0 154904.05012571596 74718.1984551125
1852 231500.0 154987.73680865814 74758.56485082027
1853 231625.0 155071.42349160032 74798.93124652804
1854 231750.0 155155.1101745425 74839.2976422358
1855 231875.0 155238.79685748467 74879.66403794357
1856 232000.0 155322.48354042685 74920.03043365134
1857 232125.0 155406.17022336903 74960.3968293591
1858 232250.0 155489.8569063112 75000.76322506687
1859 232375.0 155573.5435892534 75041.12962077463
1860 232500.0 155657.23027219556 75081.4960164824
1861 232625.0 155740.91695513774 75121.86241219017
1862 232750.0 155824.60363807992 75162.22880789793
1863 232875.0 155908.2903210221 75202.5952036057
1864 233000.0 155991.97700396428 75242.96159931346
1865 233125.0 156075.66368690645 75283.32799502123
1866 233250.0 156159.35036984863 75323.694390729
1867 233375.0 156243.0370527908 75364.06078643676
1868 233500.0 156326.723735733 75404.42718214453
1869 233625.0 156410.41041867516 75444.7935778523
1870 233750.0 156494.09710161734 75485.15997356006
1871 233875.0 156577.78378455952 75525.52636926783
1872 234000.0 156661.4704675017 75565.8927649756
1873 234125.0 156745.15715044388 75606.25916068336
1874 234250.0 156828.84383338605 75646.62555639113
1875 234375.0 156912.53051632823 75686.99195209889
1876 234500.0 156996.2171992704 75727.35834780666
1877 234625.0 157079.9038822126 75767.72474351442
1878 234750.0 157163.59056515477 75808.09113922219
1879 234875.0 157247.27724809694 75848.45753492996
1880 235000.0 157330.96393103912 75888.82393063772
1881 235125.0 157414.6506139813 75929.19032634549
1882 235250.0 157498.33729692348 75969.55672205325
1883 235375.0 157582.02397986565 76009.92311776102
1884 235500.0 157665.71066280783 76050.28951346879
1885 235625.0 157749.39734575 76090.65590917655
1886 235750.0 157833.0840286922 76131.02230488432
1887 235875.0 157916.77071163437 76171.38870059208
1888 236000.0 158000.45739457654 76211.75509629985
1889 236125.0 158084.14407751872 76252.12149200762
1890 236250.0 158167.8307604609 76292.48788771538
1891 236375.0 158251.51744340308 76332.85428342315
1892 236500.0 158335.20412634526 76373.22067913091
1893 236625.0 158418.89080928743 76413.58707483868
1894 236750.0 158502.5774922296 76453.95347054645
1895 236875.0 158586.2641751718 76494.31986625421
1896 237000.0 158669.95085811397 76534.68626196198
1897 237125.0 158753.63754105614 76575.05265766974
1898 237250.0 158837.32422399832 76615.41905337751
1899 237375.0 158921.0109069405 76655.78544908528
1900 237500.0 159004.69758988268 76696.15184479304
1901 237625.0 159088.38427282486 76736.51824050081
1902 237750.0 159172.07095576703 76776.88463620858
1903 237875.0 159255.7576387092 76817.25103191634
1904 238000.0 159339.4443216514 76857.6174276241
1905 238125.0 159423.13100459357 76897.98382333187
1906 238250.0 159506.81768753575 76938.35021903964
1907 238375.0 159590.50437047792 76978.7166147474
1908 238500.0 159674.1910534201 77019.08301045517
1909 238625.0 159757.87773636228 77059.44940616294
1910 238750.0 159841.56441930446 77099.8158018707
1911 238875.0 159925.25110224664 77140.18219757847
1912 239000.0 160008.9377851888 77180.54859328624
1913 239125.0 160092.624468131 77220.914988994
1914 239250.0 160176.31115107317 77261.28138470177
1915 239375.0 160259.99783401535 77301.64778040953
1916 239500.0 160343.68451695752 77342.0141761173
1917 239625.0 160427.3711998997 77382.38057182507
1918 239750.0 160511.05788284188 77422.74696753283
1919 239875.0 160594.74456578406 77463.1133632406
1920 240000.0 160678.43124872624 77503.47975894836
1921 240125.0 160762.1179316684 77543.84615465613
1922 240250.0 160845.8046146106 77584.2125503639
1923 240375.0 160929.49129755277 77624.57894607166
1924 240500.0 161013.17798049495 77664.94534177943
1925 240625.0 161096.86466343713 77705.3117374872
1926 240750.0 161180.5513463793 77745.67813319496
1927 240875.0 161264.23802932148 77786.04452890273
1928 241000.0 161347.92471226366 77826.41092461049
1929 241125.0 161431.61139520584 77866.77732031826
1930 241250.0 161515.29807814801 77907.14371602602
1931 241375.0 161598.9847610902 77947.51011173379
1932 241500.0 161682.67144403237 77987.87650744156
1933 241625.0 161766.35812697455 78028.24290314932
1934 241750.0 161850.04480991673 78068.60929885709
1935 241875.0 161933.7314928589 78108.97569456486
1936 242000.0 162017.41817580108 78149.34209027262
1937 242125.0 162101.10485874326 78189.70848598039
1938 242250.0 162184.79154168544 78230.07488168815
1939 242375.0 162268.47822462762 78270.44127739592
1940 242500.0 162352.1649075698 78310.80767310369
1941 242625.0 162435.85159051197 78351.17406881145
1942 242750.0 162519.53827345415 78391.54046451922
1943 242875.0 162603.22495639633 78431.90686022698
1944 243000.0 162686.9116393385 78472.27325593475
1945 243125.0 162770.59832228068 78512.63965164252
1946 243250.0 162854.28500522286 78553.00604735028
1947 243375.0 162937.97168816504 78593.37244305805
1948 243500.0 163021.65837110722 78633.73883876581
1949 243625.0 163105.3450540494 78674.10523447358
1950 243750.0 163189.03173699157 78714.47163018135
1951 243875.0 163272.71841993375 78754.83802588911
1952 244000.0 163356.40510287593 78795.20442159688
1953 244125.0 163440.0917858181 78835.57081730464
1954 244250.0 163523.77846876028 78875.93721301241
1955 244375.0 163607.46515170246 78916.30360872018
1956 244500.0 163691.15183464464 78956.67000442794
1957 244625.0 163774.83851758682 78997.03640013571
1958 244750.0 163858.525200529 79037.40279584347
1959 244875.0 163942.21188347117 79077.76919155124
1960 245000.0 164025.89856641335 79118.135587259
1961 245125.0 164109.58524935553 79158.50198296677
1962 245250.0 164193.2719322977 79198.86837867454
1963 245375.0 164276.95861523988 79239.2347743823
1964 245500.0 164360.64529818206 79279.60117009007
1965 245625.0 164444.33198112424 79319.96756579784
1966 245750.0 164528.01866406642 79360.3339615056
1967 245875.0 164611.7053470086 79400.70035721337
1968 246000.0 164695.39202995077 79441.06675292114
1969 246125.0 164779.07871289295 79481.4331486289
1970 246250.0 164862.76539583513 79521.79954433667
1971 246375.0 164946.4520787773 79562.16594004443
1972 246500.0 165030.13876171949 79602.5323357522
1973 246625.0 165113.82544466166 79642.89873145997
1974 246750.0 165197.51212760384 79683.26512716773
1975 246875.0 165281.19881054602 79723.6315228755
1976 247000.0 165364.8854934882 79763.99791858326
1977 247125.0 165448.57217643037 79804.36431429103
1978 247250.0 165532.25885937255 79844.7307099988
1979 247375.0 165615.94554231473 79885.09710570656
1980 247500.0 165699.6322252569 79925.46350141433
1981 247625.0 165783.3189081991 79965.8298971221
1982 247750.0 165867.00559114126 80006.19629282986
1983 247875.0 165950.69227408344 80046.56268853763
1984 248000.0 166034.37895702562 80086.92908424539
1985 248125.0 166118.0656399678 80127.29547995316
1986 248250.0 166201.75232290998 80167.66187566092
1987 248375.0 166285.43900585215 80208.02827136869
1988 248500.0 166369.12568879433 80248.39466707646
1989 248625.0 166452.8123717365 80288.76106278422
1990 248750.0 166536.4990546787 80329.12745849199
1991 248875.0 166620.18573762086 80369.49385419975
1992 249000.0 166703.87242056304 80409.86024990752
1993 249125.0 166787.55910350522 80450.22664561529
1994 249250.0 166871.2457864474 80490.59304132305
1995 249375.0 166954.93246938958 80530.95943703082
1996 249500.0 167038.61915233175 80571.32583273858
1997 249625.0 167122.30583527393 80611.69222844635
1998 249750.0 167205.9925182161 80652.05862415412
1999 249875.0 167289.6792011583 80692.42501986188
2000 250000.0 167373.36588410047 80732.79141556965
